# Name=gene-SYNPCC7002_RS12925
# pos	aa	label	Other	Sec/SPI n	Sec/SPI h	Sec/SPI c	Sec/SPII n	Sec/SPII h	Sec/SPII cys	Tat/SPI n	Tat/SPI RR	Tat/SPI h	Tat/SPI c	Tat/SPII n	Tat/SPII RR	Tat/SPII h	Tat/SPII cys	Sec/SPIII P	Sec/SPIII cons.	Sec/SPIII h
1	I	O	0.503698	0.496023	0.000000	0.000000	0.000249	0.000000	0.000000	0.000001	0.000000	0.000000	0.000000	0.000000	0.000000	0.000000	0.000000	0.000014	0.000000	0.000000
2	G	O	0.503698	0.302201	0.193822	0.000000	0.000121	0.000128	0.000000	0.000001	0.000000	0.000000	0.000000	0.000000	0.000000	0.000000	0.000000	0.000005	0.000009	0.000000
3	V	O	0.503699	0.095751	0.400211	0.000061	0.000046	0.000203	0.000000	0.000001	0.000000	0.000000	0.000000	0.000000	0.000000	0.000000	0.000000	0.000002	0.000008	0.000005
4	A	O	0.503729	0.030271	0.465537	0.000184	0.000020	0.000227	0.000002	0.000001	0.000000	0.000000	0.000000	0.000000	0.000000	0.000000	0.000000	0.000000	0.000005	0.000008
5	I	O	0.503824	0.008300	0.487342	0.000258	0.000008	0.000233	0.000006	0.000000	0.000000	0.000001	0.000000	0.000000	0.000000	0.000000	0.000000	0.000000	0.000002	0.000009
6	A	O	0.503971	0.002254	0.493196	0.000305	0.000003	0.000230	0.000008	0.000000	0.000000	0.000001	0.000000	0.000000	0.000000	0.000000	0.000000	0.000000	0.000001	0.000009
7	L	O	0.504159	0.000515	0.494756	0.000305	0.000001	0.000223	0.000009	0.000000	0.000000	0.000001	0.000000	0.000000	0.000000	0.000000	0.000000	0.000000	0.000000	0.000008
8	L	O	0.504351	0.000101	0.494957	0.000344	0.000001	0.000214	0.000010	0.000000	0.000000	0.000001	0.000000	0.000000	0.000000	0.000000	0.000000	0.000000	0.000000	0.000007
9	F	O	0.504555	0.000023	0.494723	0.000461	0.000000	0.000204	0.000011	0.000000	0.000000	0.000001	0.000000	0.000000	0.000000	0.000000	0.000000	0.000000	0.000000	0.000006
10	F	O	0.504809	0.000005	0.494266	0.000697	0.000000	0.000192	0.000012	0.000000	0.000000	0.000001	0.000000	0.000000	0.000000	0.000000	0.000000	0.000000	0.000000	0.000005
11	I	O	0.505150	0.000001	0.493441	0.001194	0.000000	0.000180	0.000012	0.000000	0.000000	0.000001	0.000000	0.000000	0.000000	0.000000	0.000000	0.000000	0.000000	0.000005
12	V	O	0.505586	0.000000	0.491570	0.002641	0.000000	0.000167	0.000014	0.000000	0.000000	0.000001	0.000000	0.000000	0.000000	0.000000	0.000000	0.000000	0.000000	0.000004
13	L	O	0.506202	0.000000	0.486436	0.007176	0.000000	0.000152	0.000015	0.000000	0.000000	0.000001	0.000000	0.000000	0.000000	0.000000	0.000000	0.000000	0.000000	0.000003
14	N	O	0.507291	0.000000	0.476050	0.016486	0.000000	0.000136	0.000016	0.000000	0.000000	0.000001	0.000000	0.000000	0.000000	0.000000	0.000000	0.000000	0.000000	0.000002
15	A	O	0.510703	0.000000	0.467869	0.021273	0.000000	0.000115	0.000022	0.000000	0.000000	0.000001	0.000000	0.000000	0.000000	0.000000	0.000000	0.000000	0.000000	0.000002
16	F	O	0.515070	0.000000	0.457414	0.027380	0.000000	0.000089	0.000026	0.000000	0.000000	0.000001	0.000000	0.000000	0.000000	0.000000	0.000000	0.000000	0.000000	0.000001
17	V	O	0.519797	0.000000	0.444079	0.036011	0.000000	0.000072	0.000017	0.000000	0.000000	0.000001	0.000000	0.000000	0.000000	0.000000	0.000000	0.000000	0.000000	0.000001
18	I	O	0.523666	0.000000	0.409911	0.066328	0.000000	0.000052	0.000020	0.000000	0.000000	0.000001	0.000000	0.000000	0.000000	0.000000	0.000000	0.000000	0.000000	0.000001
19	I	O	0.527297	0.000000	0.308639	0.163987	0.000000	0.000035	0.000017	0.000000	0.000000	0.000001	0.000000	0.000000	0.000000	0.000000	0.000000	0.000000	0.000000	0.000000
20	N	O	0.532477	0.000000	0.086997	0.380468	0.000000	0.000023	0.000012	0.000000	0.000000	0.000000	0.000001	0.000000	0.000000	0.000000	0.000000	0.000000	0.000000	0.000000
21	P	O	0.545724	0.000000	0.017742	0.436481	0.000000	0.000010	0.000013	0.000000	0.000000	0.000000	0.000001	0.000000	0.000000	0.000000	0.000000	0.000000	0.000000	0.000000
22	G	O	0.581382	0.000000	0.006610	0.411968	0.000000	0.000005	0.000005	0.000000	0.000000	0.000000	0.000001	0.000000	0.000000	0.000000	0.000000	0.000000	0.000000	0.000000
23	Q	O	0.607710	0.000000	0.001353	0.390904	0.000000	0.000002	0.000003	0.000000	0.000000	0.000000	0.000001	0.000000	0.000000	0.000000	0.000000	0.000000	0.000000	0.000000
24	A	O	0.650571	0.000000	0.000200	0.349203	0.000000	0.000001	0.000001	0.000000	0.000000	0.000000	0.000001	0.000000	0.000000	0.000000	0.000000	0.000000	0.000000	0.000000
25	G	O	0.878319	0.000000	0.000142	0.121508	0.000000	0.000000	0.000000	0.000000	0.000000	0.000000	0.000000	0.000000	0.000000	0.000000	0.000000	0.000000	0.000000	0.000000
26	V	O	0.939380	0.000000	0.000103	0.060490	0.000000	0.000000	0.000000	0.000000	0.000000	0.000000	0.000000	0.000000	0.000000	0.000000	0.000000	0.000000	0.000000	0.000000
27	L	O	0.964181	0.000000	0.000071	0.035720	0.000000	0.000000	0.000000	0.000000	0.000000	0.000000	0.000000	0.000000	0.000000	0.000000	0.000000	0.000000	0.000000	0.000000
28	S	O	0.976972	0.000000	0.000046	0.022958	0.000000	0.000000	0.000000	0.000000	0.000000	0.000000	0.000000	0.000000	0.000000	0.000000	0.000000	0.000000	0.000000	0.000000
29	V	O	0.984705	0.000000	0.000029	0.015239	0.000000	0.000000	0.000000	0.000000	0.000000	0.000000	0.000000	0.000000	0.000000	0.000000	0.000000	0.000000	0.000000	0.000000
30	L	O	0.989675	0.000000	0.000017	0.010283	0.000000	0.000000	0.000000	0.000000	0.000000	0.000000	0.000000	0.000000	0.000000	0.000000	0.000000	0.000000	0.000000	0.000000
31	G	O	0.993050	0.000000	0.000009	0.006911	0.000000	0.000000	0.000000	0.000000	0.000000	0.000000	0.000000	0.000000	0.000000	0.000000	0.000000	0.000000	0.000000	0.000000
32	K	O	0.995565	0.000000	0.000005	0.004403	0.000000	0.000000	0.000000	0.000000	0.000000	0.000000	0.000000	0.000000	0.000000	0.000000	0.000000	0.000000	0.000000	0.000000
33	A	O	0.997120	0.000000	0.000003	0.002849	0.000000	0.000000	0.000000	0.000000	0.000000	0.000000	0.000000	0.000000	0.000000	0.000000	0.000000	0.000000	0.000000	0.000000
34	Q	O	0.998178	0.000000	0.000002	0.001794	0.000000	0.000000	0.000000	0.000000	0.000000	0.000000	0.000000	0.000000	0.000000	0.000000	0.000000	0.000000	0.000000	0.000000
35	D	O	0.998814	0.000000	0.000001	0.001163	0.000000	0.000000	0.000000	0.000000	0.000000	0.000000	0.000000	0.000000	0.000000	0.000000	0.000000	0.000000	0.000000	0.000000
36	G	O	0.999213	0.000000	0.000001	0.000762	0.000000	0.000000	0.000000	0.000000	0.000000	0.000000	0.000000	0.000000	0.000000	0.000000	0.000000	0.000000	0.000000	0.000000
37	A	O	0.999502	0.000000	0.000000	0.000475	0.000000	0.000000	0.000000	0.000000	0.000000	0.000000	0.000000	0.000000	0.000000	0.000000	0.000000	0.000000	0.000000	0.000000
38	L	O	0.999683	0.000000	0.000000	0.000296	0.000000	0.000000	0.000000	0.000000	0.000000	0.000000	0.000000	0.000000	0.000000	0.000000	0.000000	0.000000	0.000000	0.000000
39	L	O	0.999786	0.000000	0.000000	0.000191	0.000000	0.000000	0.000000	0.000000	0.000000	0.000000	0.000000	0.000000	0.000000	0.000000	0.000000	0.000000	0.000000	0.000000
40	E	O	0.999850	0.000000	0.000000	0.000125	0.000000	0.000000	0.000000	0.000000	0.000000	0.000000	0.000000	0.000000	0.000000	0.000000	0.000000	0.000000	0.000000	0.000000
41	G	O	0.999894	0.000000	0.000000	0.000080	0.000000	0.000000	0.000000	0.000000	0.000000	0.000000	0.000000	0.000000	0.000000	0.000000	0.000000	0.000000	0.000000	0.000000
42	I	O	0.999926	0.000000	0.000000	0.000052	0.000000	0.000000	0.000000	0.000000	0.000000	0.000000	0.000000	0.000000	0.000000	0.000000	0.000000	0.000000	0.000000	0.000000
43	H	O	0.999943	0.000000	0.000000	0.000034	0.000000	0.000000	0.000000	0.000000	0.000000	0.000000	0.000000	0.000000	0.000000	0.000000	0.000000	0.000000	0.000000	0.000000
44	F	O	0.999958	0.000000	0.000000	0.000023	0.000000	0.000001	0.000000	0.000000	0.000000	0.000000	0.000000	0.000000	0.000000	0.000000	0.000000	0.000001	0.000000	0.000000
45	K	O	0.999963	0.000000	0.000000	0.000015	0.000000	0.000001	0.000001	0.000000	0.000000	0.000000	0.000000	0.000000	0.000000	0.000000	0.000000	0.000001	0.000000	0.000000
46	P	O	0.999964	0.000000	0.000000	0.000011	0.000000	0.000001	0.000001	0.000000	0.000000	0.000000	0.000001	0.000000	0.000000	0.000000	0.000000	0.000001	0.000000	0.000000
47	P	O	0.999965	0.000000	0.000000	0.000008	0.000001	0.000001	0.000001	0.000001	0.000000	0.000001	0.000001	0.000000	0.000000	0.000000	0.000000	0.000001	0.000000	0.000001
48	L	O	0.999969	0.000000	0.000000	0.000006	0.000001	0.000001	0.000001	0.000001	0.000000	0.000001	0.000001	0.000000	0.000000	0.000000	0.000000	0.000001	0.000001	0.000001
49	I	O	0.999968	0.000000	0.000000	0.000004	0.000001	0.000002	0.000001	0.000001	0.000000	0.000001	0.000002	0.000000	0.000000	0.000000	0.000000	0.000002	0.000001	0.000001
50	A	O	0.999970	0.000000	0.000000	0.000003	0.000001	0.000002	0.000002	0.000001	0.000000	0.000001	0.000002	0.000000	0.000000	0.000000	0.000000	0.000002	0.000001	0.000001
51	S	O	0.999966	0.000000	0.000000	0.000002	0.000001	0.000002	0.000002	0.000001	0.000000	0.000001	0.000003	0.000000	0.000000	0.000000	0.000000	0.000003	0.000001	0.000001
52	V	O	0.999966	0.000000	0.000000	0.000001	0.000001	0.000002	0.000002	0.000002	0.000000	0.000002	0.000003	0.000000	0.000000	0.000000	0.000000	0.000003	0.000002	0.000002
53	D	O	0.999964	0.000000	0.000000	0.000001	0.000001	0.000003	0.000003	0.000002	0.000000	0.000002	0.000004	0.000000	0.000000	0.000000	0.000000	0.000004	0.000002	0.000002
54	V	O	0.999962	0.000000	0.000000	0.000000	0.000002	0.000003	0.000003	0.000003	0.000000	0.000003	0.000005	0.000000	0.000000	0.000000	0.000000	0.000005	0.000003	0.000003
55	Y	O	0.999950	0.000000	0.000000	0.000000	0.000002	0.000004	0.000004	0.000005	0.000001	0.000004	0.000007	0.000000	0.000000	0.000000	0.000001	0.000007	0.000003	0.000004
56	D	O	0.999939	0.000000	0.000000	0.000000	0.000003	0.000005	0.000005	0.000007	0.000001	0.000005	0.000010	0.000000	0.000000	0.000000	0.000001	0.000010	0.000004	0.000005
57	V	O	0.999920	0.000000	0.000000	0.000000	0.000004	0.000006	0.000006	0.000010	0.000001	0.000008	0.000013	0.000000	0.000000	0.000001	0.000001	0.000014	0.000006	0.000007
58	T	O	0.999890	0.000000	0.000000	0.000000	0.000005	0.000008	0.000008	0.000014	0.000002	0.000012	0.000020	0.000000	0.000000	0.000001	0.000002	0.000019	0.000008	0.000010
59	V	O	0.999850	0.000000	0.000000	0.000000	0.000006	0.000011	0.000011	0.000021	0.000002	0.000017	0.000029	0.000000	0.000000	0.000001	0.000003	0.000026	0.000011	0.000013
60	Q	O	0.999789	0.000000	0.000000	0.000000	0.000009	0.000014	0.000013	0.000030	0.000004	0.000024	0.000044	0.000001	0.000000	0.000002	0.000005	0.000037	0.000014	0.000018
61	K	O	0.999692	0.000000	0.000000	0.000000	0.000012	0.000018	0.000018	0.000046	0.000006	0.000035	0.000066	0.000001	0.000000	0.000003	0.000008	0.000054	0.000019	0.000024
62	F	O	0.999557	0.000000	0.000000	0.000000	0.000016	0.000025	0.000023	0.000070	0.000008	0.000057	0.000093	0.000001	0.000000	0.000005	0.000012	0.000075	0.000029	0.000033
63	E	O	0.999338	0.000000	0.000000	0.000000	0.000019	0.000037	0.000030	0.000102	0.000010	0.000092	0.000147	0.000002	0.000001	0.000009	0.000018	0.000103	0.000042	0.000047
64	V	O	0.999041	0.000000	0.000000	0.000000	0.000020	0.000052	0.000042	0.000135	0.000012	0.000146	0.000238	0.000003	0.000001	0.000015	0.000028	0.000131	0.000067	0.000068
65	P	O	0.998643	0.000000	0.000000	0.000000	0.000017	0.000070	0.000061	0.000167	0.000011	0.000203	0.000393	0.000003	0.000000	0.000023	0.000045	0.000154	0.000095	0.000107
66	A	O	0.998253	0.000000	0.000000	0.000000	0.000010	0.000085	0.000083	0.000160	0.000007	0.000276	0.000583	0.000002	0.000000	0.000033	0.000071	0.000151	0.000130	0.000151
67	Q	O	0.997930	0.000000	0.000000	0.000000	0.000000	0.000089	0.000109	0.000101	0.000000	0.000327	0.000813	0.000000	0.000000	0.000044	0.000106	0.000104	0.000171	0.000203
68	S	O	0.997582	0.000000	0.000000	0.000000	0.000000	0.000073	0.000161	0.000000	0.000000	0.000288	0.001177	0.000000	0.000000	0.000055	0.000175	0.000000	0.000189	0.000298
69	S	O	0.997577	0.000000	0.000000	0.000000	0.000000	0.000000	0.000258	0.000000	0.000000	0.000000	0.001395	0.000000	0.000000	0.000000	0.000365	0.000000	0.000000	0.000403
70	T	O	0.999997	0.000000	0.000000	0.000000	0.000000	0.000000	0.000000	0.000000	0.000000	0.000000	0.000000	0.000000	0.000000	0.000000	0.000000	0.000000	0.000000	0.000000
