# Name=gene-SYNPCC7002_RS00135
# pos	aa	label	Other	Sec/SPI n	Sec/SPI h	Sec/SPI c	Sec/SPII n	Sec/SPII h	Sec/SPII cys	Tat/SPI n	Tat/SPI RR	Tat/SPI h	Tat/SPI c	Tat/SPII n	Tat/SPII RR	Tat/SPII h	Tat/SPII cys	Sec/SPIII P	Sec/SPIII cons.	Sec/SPIII h
1	D	O	0.998941	0.001027	0.000000	0.000000	0.000043	0.000000	0.000000	0.000000	0.000000	0.000000	0.000000	0.000000	0.000000	0.000000	0.000000	0.000022	0.000000	0.000000
2	S	O	0.998941	0.000815	0.000211	0.000000	0.000030	0.000013	0.000000	0.000000	0.000000	0.000000	0.000000	0.000000	0.000000	0.000000	0.000000	0.000017	0.000006	0.000000
3	Q	O	0.998943	0.000657	0.000315	0.000055	0.000022	0.000022	0.000000	0.000000	0.000000	0.000000	0.000000	0.000000	0.000000	0.000000	0.000000	0.000013	0.000006	0.000004
4	Q	O	0.998963	0.000535	0.000351	0.000128	0.000016	0.000024	0.000004	0.000000	0.000000	0.000000	0.000000	0.000000	0.000000	0.000000	0.000000	0.000009	0.000005	0.000005
5	Q	O	0.999006	0.000437	0.000353	0.000194	0.000012	0.000022	0.000006	0.000000	0.000000	0.000000	0.000000	0.000000	0.000000	0.000000	0.000000	0.000007	0.000004	0.000004
6	E	O	0.999066	0.000353	0.000344	0.000242	0.000009	0.000019	0.000006	0.000000	0.000000	0.000000	0.000000	0.000000	0.000000	0.000000	0.000000	0.000005	0.000003	0.000003
7	R	O	0.999128	0.000279	0.000330	0.000275	0.000007	0.000016	0.000005	0.000000	0.000000	0.000000	0.000000	0.000000	0.000000	0.000000	0.000000	0.000004	0.000002	0.000003
8	H	O	0.999194	0.000217	0.000306	0.000306	0.000005	0.000013	0.000005	0.000000	0.000000	0.000000	0.000000	0.000000	0.000000	0.000000	0.000000	0.000003	0.000002	0.000002
9	F	O	0.999258	0.000167	0.000274	0.000327	0.000003	0.000011	0.000003	0.000000	0.000000	0.000000	0.000000	0.000000	0.000000	0.000000	0.000000	0.000002	0.000001	0.000001
10	T	O	0.999327	0.000129	0.000234	0.000343	0.000002	0.000009	0.000003	0.000000	0.000000	0.000000	0.000000	0.000000	0.000000	0.000000	0.000000	0.000002	0.000001	0.000001
11	L	O	0.999395	0.000100	0.000194	0.000339	0.000002	0.000008	0.000002	0.000000	0.000000	0.000000	0.000000	0.000000	0.000000	0.000000	0.000000	0.000001	0.000001	0.000001
12	A	O	0.999469	0.000079	0.000157	0.000326	0.000001	0.000006	0.000002	0.000000	0.000000	0.000000	0.000000	0.000000	0.000000	0.000000	0.000000	0.000001	0.000001	0.000001
13	R	O	0.999560	0.000061	0.000133	0.000277	0.000001	0.000004	0.000002	0.000000	0.000000	0.000000	0.000000	0.000000	0.000000	0.000000	0.000000	0.000001	0.000000	0.000001
14	A	O	0.999640	0.000046	0.000113	0.000233	0.000001	0.000003	0.000001	0.000000	0.000000	0.000000	0.000000	0.000000	0.000000	0.000000	0.000000	0.000000	0.000000	0.000000
15	S	O	0.999704	0.000035	0.000093	0.000205	0.000000	0.000002	0.000001	0.000000	0.000000	0.000000	0.000000	0.000000	0.000000	0.000000	0.000000	0.000000	0.000000	0.000000
16	L	O	0.999756	0.000025	0.000076	0.000178	0.000000	0.000002	0.000001	0.000000	0.000000	0.000000	0.000000	0.000000	0.000000	0.000000	0.000000	0.000000	0.000000	0.000000
17	Q	O	0.999799	0.000019	0.000056	0.000165	0.000000	0.000001	0.000000	0.000000	0.000000	0.000000	0.000000	0.000000	0.000000	0.000000	0.000000	0.000000	0.000000	0.000000
18	Q	O	0.999837	0.000015	0.000042	0.000143	0.000000	0.000001	0.000000	0.000000	0.000000	0.000000	0.000000	0.000000	0.000000	0.000000	0.000000	0.000000	0.000000	0.000000
19	A	O	0.999881	0.000011	0.000032	0.000117	0.000000	0.000001	0.000000	0.000000	0.000000	0.000000	0.000000	0.000000	0.000000	0.000000	0.000000	0.000000	0.000000	0.000000
20	L	O	0.999917	0.000008	0.000024	0.000093	0.000000	0.000000	0.000000	0.000000	0.000000	0.000000	0.000000	0.000000	0.000000	0.000000	0.000000	0.000000	0.000000	0.000000
21	A	O	0.999944	0.000007	0.000017	0.000078	0.000000	0.000000	0.000000	0.000000	0.000000	0.000000	0.000000	0.000000	0.000000	0.000000	0.000000	0.000000	0.000000	0.000000
22	W	O	0.999963	0.000005	0.000013	0.000060	0.000000	0.000000	0.000000	0.000000	0.000000	0.000000	0.000000	0.000000	0.000000	0.000000	0.000000	0.000000	0.000000	0.000000
23	Y	O	0.999977	0.000004	0.000010	0.000047	0.000000	0.000000	0.000000	0.000000	0.000000	0.000000	0.000000	0.000000	0.000000	0.000000	0.000000	0.000000	0.000000	0.000000
24	G	O	0.999990	0.000003	0.000007	0.000039	0.000000	0.000000	0.000000	0.000000	0.000000	0.000000	0.000000	0.000000	0.000000	0.000000	0.000000	0.000000	0.000000	0.000000
25	N	O	1.000000	0.000003	0.000005	0.000032	0.000000	0.000000	0.000000	0.000000	0.000000	0.000000	0.000000	0.000000	0.000000	0.000000	0.000000	0.000000	0.000000	0.000000
26	T	O	1.000000	0.000002	0.000004	0.000027	0.000000	0.000000	0.000000	0.000000	0.000000	0.000000	0.000000	0.000000	0.000000	0.000000	0.000000	0.000000	0.000000	0.000000
27	R	O	1.000000	0.000002	0.000003	0.000022	0.000000	0.000000	0.000000	0.000000	0.000000	0.000000	0.000000	0.000000	0.000000	0.000000	0.000000	0.000000	0.000000	0.000000
28	R	O	1.000000	0.000001	0.000002	0.000018	0.000000	0.000000	0.000000	0.000000	0.000000	0.000000	0.000000	0.000000	0.000000	0.000000	0.000000	0.000000	0.000000	0.000000
29	H	O	1.000000	0.000001	0.000002	0.000014	0.000000	0.000000	0.000000	0.000000	0.000000	0.000000	0.000000	0.000000	0.000000	0.000000	0.000000	0.000000	0.000000	0.000000
30	W	O	1.000000	0.000001	0.000001	0.000010	0.000000	0.000000	0.000000	0.000000	0.000000	0.000000	0.000000	0.000000	0.000000	0.000000	0.000000	0.000000	0.000000	0.000000
31	H	O	1.000000	0.000001	0.000001	0.000008	0.000000	0.000000	0.000000	0.000000	0.000000	0.000000	0.000000	0.000000	0.000000	0.000000	0.000000	0.000000	0.000000	0.000000
32	Y	O	1.000000	0.000001	0.000001	0.000006	0.000000	0.000000	0.000000	0.000000	0.000000	0.000000	0.000000	0.000000	0.000000	0.000000	0.000000	0.000000	0.000000	0.000000
33	P	O	1.000000	0.000001	0.000001	0.000005	0.000000	0.000000	0.000000	0.000000	0.000000	0.000000	0.000000	0.000000	0.000000	0.000000	0.000000	0.000000	0.000000	0.000000
34	P	O	1.000000	0.000000	0.000001	0.000004	0.000000	0.000000	0.000000	0.000000	0.000000	0.000000	0.000000	0.000000	0.000000	0.000000	0.000000	0.000000	0.000000	0.000000
35	D	O	1.000000	0.000000	0.000001	0.000003	0.000000	0.000000	0.000000	0.000000	0.000000	0.000000	0.000000	0.000000	0.000000	0.000000	0.000000	0.000000	0.000000	0.000000
36	P	O	1.000000	0.000000	0.000000	0.000003	0.000000	0.000000	0.000000	0.000000	0.000000	0.000000	0.000000	0.000000	0.000000	0.000000	0.000000	0.000000	0.000000	0.000000
37	A	O	1.000000	0.000000	0.000000	0.000002	0.000000	0.000000	0.000000	0.000000	0.000000	0.000000	0.000000	0.000000	0.000000	0.000000	0.000000	0.000000	0.000000	0.000000
38	L	O	1.000000	0.000000	0.000000	0.000002	0.000000	0.000000	0.000000	0.000000	0.000000	0.000000	0.000000	0.000000	0.000000	0.000000	0.000000	0.000000	0.000000	0.000000
39	K	O	1.000000	0.000000	0.000000	0.000002	0.000000	0.000000	0.000000	0.000000	0.000000	0.000000	0.000000	0.000000	0.000000	0.000000	0.000000	0.000000	0.000000	0.000000
40	A	O	1.000000	0.000000	0.000000	0.000001	0.000000	0.000000	0.000000	0.000000	0.000000	0.000000	0.000000	0.000000	0.000000	0.000000	0.000000	0.000000	0.000000	0.000000
41	A	O	1.000000	0.000000	0.000000	0.000001	0.000000	0.000000	0.000000	0.000000	0.000000	0.000000	0.000000	0.000000	0.000000	0.000000	0.000000	0.000000	0.000000	0.000000
42	V	O	1.000000	0.000000	0.000000	0.000001	0.000000	0.000000	0.000000	0.000000	0.000000	0.000000	0.000000	0.000000	0.000000	0.000000	0.000000	0.000000	0.000000	0.000000
43	R	O	1.000000	0.000000	0.000000	0.000001	0.000000	0.000000	0.000000	0.000000	0.000000	0.000000	0.000000	0.000000	0.000000	0.000000	0.000000	0.000000	0.000000	0.000000
44	P	O	1.000000	0.000000	0.000000	0.000001	0.000000	0.000000	0.000000	0.000000	0.000000	0.000000	0.000000	0.000000	0.000000	0.000000	0.000000	0.000000	0.000000	0.000000
45	E	O	1.000000	0.000000	0.000000	0.000000	0.000000	0.000000	0.000000	0.000000	0.000000	0.000000	0.000000	0.000000	0.000000	0.000000	0.000000	0.000000	0.000000	0.000000
46	L	O	1.000000	0.000000	0.000000	0.000000	0.000000	0.000000	0.000000	0.000000	0.000000	0.000000	0.000000	0.000000	0.000000	0.000000	0.000000	0.000000	0.000000	0.000000
47	Q	O	1.000000	0.000000	0.000000	0.000000	0.000000	0.000000	0.000000	0.000000	0.000000	0.000000	0.000000	0.000000	0.000000	0.000000	0.000000	0.000000	0.000000	0.000000
48	Q	O	1.000000	0.000000	0.000000	0.000000	0.000000	0.000000	0.000000	0.000000	0.000000	0.000000	0.000000	0.000000	0.000000	0.000000	0.000000	0.000000	0.000000	0.000000
49	L	O	1.000000	0.000000	0.000000	0.000000	0.000000	0.000000	0.000000	0.000000	0.000000	0.000000	0.000000	0.000000	0.000000	0.000000	0.000000	0.000000	0.000000	0.000000
50	Q	O	1.000000	0.000000	0.000000	0.000000	0.000000	0.000000	0.000000	0.000000	0.000000	0.000000	0.000000	0.000000	0.000000	0.000000	0.000000	0.000000	0.000000	0.000000
51	T	O	1.000000	0.000000	0.000000	0.000000	0.000000	0.000000	0.000000	0.000000	0.000000	0.000000	0.000000	0.000000	0.000000	0.000000	0.000000	0.000000	0.000000	0.000000
52	A	O	1.000000	0.000000	0.000000	0.000000	0.000000	0.000000	0.000000	0.000000	0.000000	0.000000	0.000000	0.000000	0.000000	0.000000	0.000000	0.000000	0.000000	0.000000
53	I	O	1.000000	0.000000	0.000000	0.000000	0.000000	0.000000	0.000000	0.000000	0.000000	0.000000	0.000000	0.000000	0.000000	0.000000	0.000000	0.000000	0.000000	0.000000
54	A	O	1.000000	0.000000	0.000000	0.000000	0.000000	0.000000	0.000000	0.000000	0.000000	0.000000	0.000000	0.000000	0.000000	0.000000	0.000000	0.000000	0.000000	0.000000
55	K	O	1.000000	0.000000	0.000000	0.000000	0.000000	0.000000	0.000000	0.000000	0.000000	0.000000	0.000000	0.000000	0.000000	0.000000	0.000000	0.000000	0.000000	0.000000
56	L	O	1.000000	0.000000	0.000000	0.000000	0.000000	0.000000	0.000000	0.000000	0.000000	0.000000	0.000000	0.000000	0.000000	0.000000	0.000000	0.000001	0.000000	0.000000
57	D	O	1.000000	0.000000	0.000000	0.000000	0.000000	0.000000	0.000000	0.000001	0.000000	0.000000	0.000000	0.000000	0.000000	0.000000	0.000000	0.000001	0.000000	0.000000
58	Q	O	1.000000	0.000000	0.000000	0.000000	0.000000	0.000000	0.000000	0.000001	0.000000	0.000000	0.000000	0.000000	0.000000	0.000000	0.000000	0.000001	0.000000	0.000000
59	N	O	1.000000	0.000000	0.000000	0.000000	0.000001	0.000000	0.000000	0.000002	0.000000	0.000001	0.000000	0.000000	0.000000	0.000000	0.000000	0.000002	0.000000	0.000000
60	L	O	1.000000	0.000000	0.000000	0.000000	0.000001	0.000000	0.000000	0.000002	0.000000	0.000001	0.000001	0.000000	0.000000	0.000000	0.000000	0.000002	0.000000	0.000000
61	L	O	1.000000	0.000000	0.000000	0.000000	0.000001	0.000001	0.000000	0.000004	0.000001	0.000002	0.000001	0.000000	0.000000	0.000000	0.000000	0.000003	0.000001	0.000001
62	R	O	1.000000	0.000000	0.000000	0.000000	0.000001	0.000001	0.000000	0.000005	0.000001	0.000003	0.000002	0.000000	0.000000	0.000000	0.000000	0.000005	0.000001	0.000001
63	I	O	0.999998	0.000000	0.000000	0.000000	0.000001	0.000002	0.000000	0.000007	0.000001	0.000005	0.000002	0.000000	0.000000	0.000001	0.000001	0.000006	0.000002	0.000001
64	A	O	0.999981	0.000000	0.000000	0.000000	0.000001	0.000003	0.000000	0.000008	0.000001	0.000008	0.000004	0.000000	0.000000	0.000001	0.000001	0.000008	0.000003	0.000002
65	T	O	0.999966	0.000000	0.000000	0.000000	0.000001	0.000004	0.000001	0.000007	0.000001	0.000013	0.000006	0.000000	0.000000	0.000002	0.000001	0.000008	0.000005	0.000003
66	F	O	0.999961	0.000000	0.000000	0.000000	0.000000	0.000004	0.000001	0.000005	0.000000	0.000016	0.000011	0.000000	0.000000	0.000002	0.000001	0.000007	0.000007	0.000004
67	G	O	0.999950	0.000000	0.000000	0.000000	0.000000	0.000004	0.000002	0.000003	0.000000	0.000014	0.000018	0.000000	0.000000	0.000002	0.000002	0.000004	0.000008	0.000007
68	L	O	0.999957	0.000000	0.000000	0.000000	0.000000	0.000002	0.000002	0.000000	0.000000	0.000010	0.000019	0.000000	0.000000	0.000002	0.000002	0.000000	0.000008	0.000009
69	V	O	0.999964	0.000000	0.000000	0.000000	0.000000	0.000000	0.000003	0.000000	0.000000	0.000000	0.000022	0.000000	0.000000	0.000000	0.000005	0.000000	0.000000	0.000013
70	S	O	1.000000	0.000000	0.000000	0.000000	0.000000	0.000000	0.000000	0.000000	0.000000	0.000000	0.000000	0.000000	0.000000	0.000000	0.000000	0.000000	0.000000	0.000000
