# Name=gene-SYNPCC7002_RS04925
# pos	aa	label	Other	Sec/SPI n	Sec/SPI h	Sec/SPI c	Sec/SPII n	Sec/SPII h	Sec/SPII cys	Tat/SPI n	Tat/SPI RR	Tat/SPI h	Tat/SPI c	Tat/SPII n	Tat/SPII RR	Tat/SPII h	Tat/SPII cys	Sec/SPIII P	Sec/SPIII cons.	Sec/SPIII h
1	Q	N	0.000036	0.999863	0.000000	0.000000	0.000015	0.000000	0.000000	0.000029	0.000000	0.000000	0.000000	0.000000	0.000000	0.000000	0.000000	0.000000	0.000000	0.000000
2	L	N	0.000036	0.813205	0.186657	0.000000	0.000012	0.000003	0.000000	0.000024	0.000004	0.000001	0.000000	0.000000	0.000000	0.000000	0.000000	0.000000	0.000000	0.000000
3	F	N	0.000036	0.749240	0.250619	0.000004	0.000010	0.000005	0.000000	0.000024	0.000004	0.000001	0.000000	0.000000	0.000000	0.000000	0.000000	0.000000	0.000000	0.000000
4	R	N	0.000037	0.704566	0.295284	0.000009	0.000009	0.000006	0.000000	0.000022	0.000005	0.000002	0.000000	0.000000	0.000000	0.000000	0.000000	0.000000	0.000000	0.000000
5	S	N	0.000039	0.653763	0.346087	0.000012	0.000008	0.000007	0.000000	0.000022	0.000003	0.000003	0.000000	0.000000	0.000000	0.000000	0.000000	0.000000	0.000000	0.000000
6	P	N	0.000043	0.598368	0.401474	0.000013	0.000006	0.000008	0.000000	0.000020	0.000004	0.000005	0.000000	0.000000	0.000000	0.000000	0.000000	0.000000	0.000000	0.000000
7	L	N	0.000047	0.496219	0.503619	0.000010	0.000005	0.000010	0.000000	0.000017	0.000004	0.000008	0.000000	0.000000	0.000000	0.000000	0.000000	0.000000	0.000000	0.000000
8	S	N	0.000050	0.435523	0.564310	0.000010	0.000004	0.000011	0.000000	0.000016	0.000002	0.000010	0.000000	0.000000	0.000000	0.000000	0.000000	0.000000	0.000000	0.000000
9	R	N	0.000054	0.363982	0.635852	0.000008	0.000003	0.000012	0.000000	0.000007	0.000007	0.000014	0.000000	0.000000	0.000000	0.000000	0.000000	0.000000	0.000000	0.000000
10	L	H	0.000060	0.035043	0.964792	0.000003	0.000001	0.000014	0.000000	0.000008	0.000002	0.000019	0.000000	0.000000	0.000000	0.000000	0.000000	0.000000	0.000000	0.000000
11	A	H	0.000062	0.006152	0.993680	0.000002	0.000000	0.000014	0.000000	0.000005	0.000001	0.000023	0.000000	0.000000	0.000000	0.000000	0.000000	0.000000	0.000000	0.000000
12	I	H	0.000063	0.000793	0.999039	0.000002	0.000000	0.000014	0.000000	0.000003	0.000001	0.000026	0.000000	0.000000	0.000000	0.000000	0.000000	0.000000	0.000000	0.000000
13	A	H	0.000064	0.000139	0.999687	0.000004	0.000000	0.000014	0.000000	0.000002	0.000000	0.000027	0.000000	0.000000	0.000000	0.000000	0.000000	0.000000	0.000000	0.000000
14	T	H	0.000067	0.000031	0.999786	0.000006	0.000000	0.000014	0.000000	0.000001	0.000000	0.000028	0.000000	0.000000	0.000000	0.000000	0.000000	0.000000	0.000000	0.000000
15	T	H	0.000070	0.000006	0.999802	0.000012	0.000000	0.000014	0.000000	0.000001	0.000000	0.000028	0.000000	0.000000	0.000000	0.000000	0.000000	0.000000	0.000000	0.000000
16	L	H	0.000075	0.000001	0.999779	0.000029	0.000000	0.000014	0.000000	0.000000	0.000000	0.000028	0.000000	0.000000	0.000000	0.000000	0.000000	0.000000	0.000000	0.000000
17	L	H	0.000080	0.000000	0.999649	0.000158	0.000000	0.000013	0.000001	0.000000	0.000000	0.000028	0.000000	0.000000	0.000000	0.000000	0.000000	0.000000	0.000000	0.000000
18	S	H	0.000087	0.000000	0.998452	0.001345	0.000000	0.000012	0.000001	0.000000	0.000000	0.000028	0.000000	0.000000	0.000000	0.000000	0.000000	0.000000	0.000000	0.000000
19	S	H	0.000134	0.000000	0.996801	0.002956	0.000000	0.000011	0.000001	0.000000	0.000000	0.000028	0.000000	0.000000	0.000000	0.000000	0.000000	0.000000	0.000000	0.000000
20	S	H	0.000219	0.000000	0.994886	0.004783	0.000000	0.000009	0.000002	0.000000	0.000000	0.000028	0.000000	0.000000	0.000000	0.000000	0.000000	0.000000	0.000000	0.000000
21	L	H	0.000282	0.000000	0.989572	0.010041	0.000000	0.000008	0.000001	0.000000	0.000000	0.000028	0.000001	0.000000	0.000000	0.000000	0.000000	0.000000	0.000000	0.000000
22	T	H	0.000318	0.000000	0.966722	0.032851	0.000000	0.000007	0.000001	0.000000	0.000000	0.000027	0.000001	0.000000	0.000000	0.000000	0.000000	0.000000	0.000000	0.000000
23	F	H	0.000369	0.000000	0.906767	0.092752	0.000000	0.000006	0.000001	0.000000	0.000000	0.000026	0.000003	0.000000	0.000000	0.000000	0.000000	0.000000	0.000000	0.000000
24	M	H	0.000425	0.000000	0.728052	0.271410	0.000000	0.000005	0.000001	0.000000	0.000000	0.000023	0.000006	0.000000	0.000000	0.000000	0.000000	0.000000	0.000000	0.000000
25	P	C	0.000499	0.000000	0.219428	0.779966	0.000000	0.000004	0.000001	0.000000	0.000000	0.000016	0.000012	0.000000	0.000000	0.000000	0.000000	0.000000	0.000000	0.000000
26	Q	C	0.000765	0.000000	0.060762	0.938367	0.000000	0.000002	0.000002	0.000000	0.000000	0.000010	0.000019	0.000000	0.000000	0.000000	0.000000	0.000000	0.000000	0.000000
27	M	C	0.001289	0.000000	0.027811	0.970787	0.000000	0.000002	0.000001	0.000000	0.000000	0.000006	0.000022	0.000000	0.000000	0.000000	0.000000	0.000000	0.000000	0.000000
28	A	C	0.001792	0.000000	0.000662	0.997440	0.000000	0.000001	0.000000	0.000000	0.000000	0.000001	0.000028	0.000000	0.000000	0.000000	0.000000	0.000000	0.000000	0.000000
29	E	C	0.006231	0.000000	0.000044	0.993619	0.000000	0.000001	0.000001	0.000000	0.000000	0.000000	0.000027	0.000000	0.000000	0.000000	0.000000	0.000000	0.000000	0.000000
30	A	C	0.037281	0.000000	0.000000	0.962616	0.000000	0.000000	0.000001	0.000000	0.000000	0.000000	0.000025	0.000000	0.000000	0.000000	0.000000	0.000000	0.000000	0.000000
31	R	O	0.979333	0.000000	0.000000	0.020588	0.000000	0.000000	0.000000	0.000000	0.000000	0.000000	0.000003	0.000000	0.000000	0.000000	0.000000	0.000000	0.000000	0.000000
32	Q	O	0.996657	0.000000	0.000000	0.003266	0.000000	0.000000	0.000000	0.000000	0.000000	0.000000	0.000001	0.000000	0.000000	0.000000	0.000000	0.000000	0.000000	0.000000
33	P	O	0.999031	0.000000	0.000000	0.000885	0.000000	0.000000	0.000000	0.000000	0.000000	0.000000	0.000000	0.000000	0.000000	0.000000	0.000000	0.000000	0.000000	0.000000
34	C	O	0.999683	0.000000	0.000000	0.000242	0.000000	0.000000	0.000000	0.000000	0.000000	0.000000	0.000000	0.000000	0.000000	0.000000	0.000000	0.000000	0.000000	0.000000
35	G	O	0.999854	0.000000	0.000000	0.000074	0.000000	0.000000	0.000000	0.000000	0.000000	0.000000	0.000000	0.000000	0.000000	0.000000	0.000000	0.000000	0.000000	0.000000
36	S	O	0.999905	0.000000	0.000000	0.000024	0.000000	0.000000	0.000000	0.000000	0.000000	0.000000	0.000000	0.000000	0.000000	0.000000	0.000000	0.000000	0.000000	0.000000
37	F	O	0.999915	0.000000	0.000000	0.000010	0.000000	0.000000	0.000000	0.000000	0.000000	0.000000	0.000000	0.000000	0.000000	0.000000	0.000000	0.000000	0.000000	0.000000
38	T	O	0.999920	0.000000	0.000000	0.000005	0.000000	0.000000	0.000000	0.000000	0.000000	0.000000	0.000000	0.000000	0.000000	0.000000	0.000000	0.000000	0.000000	0.000000
39	I	O	0.999929	0.000000	0.000000	0.000002	0.000000	0.000000	0.000000	0.000000	0.000000	0.000000	0.000000	0.000000	0.000000	0.000000	0.000000	0.000000	0.000000	0.000000
40	N	O	0.999928	0.000000	0.000000	0.000001	0.000000	0.000000	0.000000	0.000000	0.000000	0.000000	0.000000	0.000000	0.000000	0.000000	0.000000	0.000000	0.000000	0.000000
41	W	O	0.999935	0.000000	0.000000	0.000001	0.000000	0.000000	0.000000	0.000000	0.000000	0.000000	0.000000	0.000000	0.000000	0.000000	0.000000	0.000000	0.000000	0.000000
42	G	O	0.999937	0.000000	0.000000	0.000001	0.000000	0.000000	0.000000	0.000000	0.000000	0.000000	0.000000	0.000000	0.000000	0.000000	0.000000	0.000000	0.000000	0.000000
43	G	O	0.999942	0.000000	0.000000	0.000000	0.000000	0.000000	0.000000	0.000000	0.000000	0.000000	0.000000	0.000000	0.000000	0.000000	0.000000	0.000000	0.000000	0.000000
44	T	O	0.999943	0.000000	0.000000	0.000000	0.000000	0.000000	0.000000	0.000000	0.000000	0.000000	0.000000	0.000000	0.000000	0.000000	0.000000	0.000000	0.000000	0.000000
45	I	O	0.999946	0.000000	0.000000	0.000000	0.000000	0.000000	0.000000	0.000000	0.000000	0.000000	0.000000	0.000000	0.000000	0.000000	0.000000	0.000000	0.000000	0.000000
46	P	O	0.999950	0.000000	0.000000	0.000000	0.000000	0.000000	0.000000	0.000000	0.000000	0.000000	0.000000	0.000000	0.000000	0.000000	0.000000	0.000000	0.000000	0.000000
47	Q	O	0.999953	0.000000	0.000000	0.000000	0.000000	0.000000	0.000000	0.000000	0.000000	0.000000	0.000001	0.000000	0.000000	0.000000	0.000000	0.000000	0.000000	0.000000
48	G	O	0.999953	0.000000	0.000000	0.000000	0.000000	0.000000	0.000000	0.000000	0.000000	0.000000	0.000001	0.000000	0.000000	0.000000	0.000000	0.000000	0.000000	0.000000
49	D	O	0.999959	0.000000	0.000000	0.000000	0.000000	0.000000	0.000000	0.000000	0.000000	0.000000	0.000001	0.000000	0.000000	0.000000	0.000000	0.000000	0.000000	0.000000
50	I	O	0.999963	0.000000	0.000000	0.000000	0.000000	0.000000	0.000000	0.000000	0.000000	0.000000	0.000001	0.000000	0.000000	0.000000	0.000000	0.000000	0.000000	0.000000
51	L	O	0.999956	0.000000	0.000000	0.000000	0.000000	0.000000	0.000000	0.000000	0.000000	0.000000	0.000001	0.000000	0.000000	0.000000	0.000000	0.000000	0.000000	0.000000
52	K	O	0.999960	0.000000	0.000000	0.000000	0.000000	0.000000	0.000000	0.000000	0.000000	0.000001	0.000002	0.000000	0.000000	0.000000	0.000000	0.000000	0.000000	0.000000
53	C	O	0.999965	0.000000	0.000000	0.000000	0.000000	0.000000	0.000001	0.000001	0.000000	0.000001	0.000002	0.000000	0.000000	0.000000	0.000000	0.000000	0.000000	0.000000
54	A	O	0.999958	0.000000	0.000000	0.000000	0.000000	0.000000	0.000001	0.000001	0.000000	0.000001	0.000002	0.000000	0.000000	0.000000	0.000000	0.000000	0.000000	0.000000
55	V	O	0.999965	0.000000	0.000000	0.000000	0.000000	0.000001	0.000001	0.000001	0.000000	0.000001	0.000003	0.000000	0.000000	0.000000	0.000000	0.000000	0.000000	0.000000
56	E	O	0.999960	0.000000	0.000000	0.000000	0.000000	0.000001	0.000001	0.000001	0.000000	0.000002	0.000004	0.000000	0.000000	0.000000	0.000000	0.000000	0.000000	0.000000
57	Y	O	0.999960	0.000000	0.000000	0.000000	0.000000	0.000001	0.000001	0.000002	0.000000	0.000002	0.000005	0.000000	0.000000	0.000000	0.000000	0.000000	0.000000	0.000000
58	N	O	0.999963	0.000000	0.000000	0.000000	0.000000	0.000001	0.000001	0.000002	0.000000	0.000003	0.000007	0.000000	0.000000	0.000000	0.000000	0.000000	0.000000	0.000000
59	S	O	0.999959	0.000000	0.000000	0.000000	0.000000	0.000001	0.000002	0.000003	0.000000	0.000003	0.000009	0.000000	0.000000	0.000000	0.000000	0.000000	0.000000	0.000000
60	G	O	0.999957	0.000000	0.000000	0.000000	0.000000	0.000001	0.000002	0.000004	0.000000	0.000005	0.000012	0.000000	0.000000	0.000000	0.000000	0.000000	0.000000	0.000000
61	A	O	0.999944	0.000000	0.000000	0.000000	0.000000	0.000001	0.000003	0.000006	0.000001	0.000007	0.000017	0.000000	0.000000	0.000000	0.000001	0.000001	0.000000	0.000000
62	R	O	0.999933	0.000000	0.000000	0.000000	0.000001	0.000002	0.000003	0.000007	0.000001	0.000009	0.000026	0.000000	0.000000	0.000000	0.000001	0.000001	0.000000	0.000000
63	R	O	0.999911	0.000000	0.000000	0.000000	0.000001	0.000002	0.000004	0.000010	0.000001	0.000012	0.000036	0.000000	0.000000	0.000000	0.000001	0.000001	0.000001	0.000001
64	R	O	0.999889	0.000000	0.000000	0.000000	0.000001	0.000003	0.000006	0.000014	0.000001	0.000017	0.000051	0.000000	0.000000	0.000001	0.000002	0.000002	0.000001	0.000001
65	D	O	0.999845	0.000000	0.000000	0.000000	0.000001	0.000004	0.000007	0.000017	0.000001	0.000027	0.000073	0.000000	0.000000	0.000001	0.000003	0.000003	0.000002	0.000002
66	R	O	0.999787	0.000000	0.000000	0.000000	0.000001	0.000006	0.000010	0.000019	0.000001	0.000037	0.000114	0.000000	0.000000	0.000003	0.000006	0.000004	0.000003	0.000004
67	Y	O	0.999703	0.000000	0.000000	0.000000	0.000000	0.000008	0.000014	0.000016	0.000000	0.000054	0.000169	0.000000	0.000000	0.000005	0.000011	0.000005	0.000006	0.000007
68	Y	O	0.999610	0.000000	0.000000	0.000000	0.000000	0.000011	0.000020	0.000000	0.000000	0.000055	0.000250	0.000000	0.000000	0.000008	0.000019	0.000000	0.000013	0.000011
69	L	O	0.999465	0.000000	0.000000	0.000000	0.000000	0.000000	0.000071	0.000000	0.000000	0.000000	0.000341	0.000000	0.000000	0.000000	0.000078	0.000000	0.000000	0.000042
70	E	O	0.999997	0.000000	0.000000	0.000000	0.000000	0.000000	0.000000	0.000000	0.000000	0.000000	0.000000	0.000000	0.000000	0.000000	0.000000	0.000000	0.000000	0.000000
