# Name=gene-SYNPCC7002_RS14905
# pos	aa	label	Other	Sec/SPI n	Sec/SPI h	Sec/SPI c	Sec/SPII n	Sec/SPII h	Sec/SPII cys	Tat/SPI n	Tat/SPI RR	Tat/SPI h	Tat/SPI c	Tat/SPII n	Tat/SPII RR	Tat/SPII h	Tat/SPII cys	Sec/SPIII P	Sec/SPIII cons.	Sec/SPIII h
1	Y	O	0.871150	0.128607	0.000000	0.000000	0.000233	0.000000	0.000000	0.000001	0.000000	0.000000	0.000000	0.000000	0.000000	0.000000	0.000000	0.000014	0.000000	0.000000
2	W	O	0.871148	0.085035	0.043572	0.000000	0.000154	0.000079	0.000000	0.000000	0.000000	0.000000	0.000000	0.000000	0.000000	0.000000	0.000000	0.000011	0.000003	0.000000
3	Y	O	0.871153	0.051318	0.077105	0.000184	0.000097	0.000136	0.000000	0.000000	0.000000	0.000000	0.000000	0.000000	0.000000	0.000000	0.000000	0.000009	0.000004	0.000001
4	T	O	0.871187	0.029254	0.098777	0.000539	0.000059	0.000171	0.000002	0.000000	0.000000	0.000000	0.000000	0.000000	0.000000	0.000000	0.000000	0.000007	0.000004	0.000002
5	L	O	0.871292	0.016069	0.111244	0.001158	0.000036	0.000190	0.000005	0.000000	0.000000	0.000000	0.000000	0.000000	0.000000	0.000000	0.000000	0.000005	0.000004	0.000003
6	T	O	0.871437	0.009635	0.115892	0.002808	0.000023	0.000194	0.000009	0.000000	0.000000	0.000000	0.000000	0.000000	0.000000	0.000000	0.000000	0.000004	0.000003	0.000003
7	L	O	0.871755	0.005310	0.117658	0.005061	0.000013	0.000191	0.000012	0.000000	0.000000	0.000000	0.000000	0.000000	0.000000	0.000000	0.000000	0.000003	0.000002	0.000003
8	L	O	0.872172	0.003151	0.114636	0.009840	0.000008	0.000181	0.000015	0.000000	0.000000	0.000000	0.000000	0.000000	0.000000	0.000000	0.000000	0.000002	0.000002	0.000002
9	D	O	0.872743	0.002019	0.105789	0.019267	0.000005	0.000166	0.000018	0.000000	0.000000	0.000000	0.000000	0.000000	0.000000	0.000000	0.000000	0.000001	0.000001	0.000002
10	I	O	0.873869	0.001094	0.096572	0.028300	0.000003	0.000144	0.000024	0.000000	0.000000	0.000000	0.000000	0.000000	0.000000	0.000000	0.000000	0.000001	0.000001	0.000001
11	L	O	0.875250	0.000595	0.081323	0.042692	0.000002	0.000123	0.000023	0.000000	0.000000	0.000000	0.000000	0.000000	0.000000	0.000000	0.000000	0.000001	0.000001	0.000001
12	L	O	0.877097	0.000333	0.059960	0.062497	0.000001	0.000099	0.000025	0.000000	0.000000	0.000000	0.000000	0.000000	0.000000	0.000000	0.000000	0.000000	0.000000	0.000001
13	L	O	0.879842	0.000210	0.035181	0.084676	0.000000	0.000072	0.000027	0.000000	0.000000	0.000000	0.000000	0.000000	0.000000	0.000000	0.000000	0.000000	0.000000	0.000001
14	R	O	0.884065	0.000170	0.012537	0.103170	0.000000	0.000051	0.000021	0.000000	0.000000	0.000000	0.000000	0.000000	0.000000	0.000000	0.000000	0.000000	0.000000	0.000000
15	D	O	0.893338	0.000139	0.004932	0.101552	0.000000	0.000027	0.000025	0.000000	0.000000	0.000000	0.000000	0.000000	0.000000	0.000000	0.000000	0.000000	0.000000	0.000000
16	A	O	0.910696	0.000108	0.002476	0.086702	0.000000	0.000014	0.000013	0.000000	0.000000	0.000000	0.000000	0.000000	0.000000	0.000000	0.000000	0.000000	0.000000	0.000000
17	K	O	0.930518	0.000084	0.001354	0.068045	0.000000	0.000007	0.000007	0.000000	0.000000	0.000000	0.000000	0.000000	0.000000	0.000000	0.000000	0.000000	0.000000	0.000000
18	P	O	0.947480	0.000067	0.000718	0.051738	0.000000	0.000004	0.000003	0.000000	0.000000	0.000000	0.000000	0.000000	0.000000	0.000000	0.000000	0.000000	0.000000	0.000000
19	F	O	0.968643	0.000050	0.000515	0.030801	0.000000	0.000002	0.000002	0.000000	0.000000	0.000000	0.000000	0.000000	0.000000	0.000000	0.000000	0.000000	0.000000	0.000000
20	T	O	0.979090	0.000039	0.000346	0.020538	0.000000	0.000001	0.000001	0.000000	0.000000	0.000000	0.000000	0.000000	0.000000	0.000000	0.000000	0.000000	0.000000	0.000000
21	P	O	0.985321	0.000030	0.000224	0.014438	0.000000	0.000001	0.000001	0.000000	0.000000	0.000000	0.000000	0.000000	0.000000	0.000000	0.000000	0.000000	0.000000	0.000000
22	G	O	0.989639	0.000024	0.000145	0.010209	0.000000	0.000000	0.000000	0.000000	0.000000	0.000000	0.000000	0.000000	0.000000	0.000000	0.000000	0.000000	0.000000	0.000000
23	E	O	0.992560	0.000019	0.000091	0.007347	0.000000	0.000000	0.000000	0.000000	0.000000	0.000000	0.000000	0.000000	0.000000	0.000000	0.000000	0.000000	0.000000	0.000000
24	R	O	0.994618	0.000016	0.000056	0.005323	0.000000	0.000000	0.000000	0.000000	0.000000	0.000000	0.000000	0.000000	0.000000	0.000000	0.000000	0.000000	0.000000	0.000000
25	A	O	0.996279	0.000013	0.000037	0.003684	0.000000	0.000000	0.000000	0.000000	0.000000	0.000000	0.000000	0.000000	0.000000	0.000000	0.000000	0.000000	0.000000	0.000000
26	W	O	0.997503	0.000010	0.000027	0.002470	0.000000	0.000000	0.000000	0.000000	0.000000	0.000000	0.000000	0.000000	0.000000	0.000000	0.000000	0.000000	0.000000	0.000000
27	A	O	0.998288	0.000008	0.000019	0.001698	0.000000	0.000000	0.000000	0.000000	0.000000	0.000000	0.000000	0.000000	0.000000	0.000000	0.000000	0.000000	0.000000	0.000000
28	G	O	0.998868	0.000007	0.000015	0.001122	0.000000	0.000000	0.000000	0.000000	0.000000	0.000000	0.000000	0.000000	0.000000	0.000000	0.000000	0.000000	0.000000	0.000000
29	S	O	0.999219	0.000005	0.000012	0.000770	0.000000	0.000000	0.000000	0.000000	0.000000	0.000000	0.000000	0.000000	0.000000	0.000000	0.000000	0.000000	0.000000	0.000000
30	I	O	0.999461	0.000004	0.000009	0.000533	0.000000	0.000000	0.000000	0.000000	0.000000	0.000000	0.000000	0.000000	0.000000	0.000000	0.000000	0.000000	0.000000	0.000000
31	F	O	0.999616	0.000003	0.000007	0.000382	0.000000	0.000000	0.000000	0.000000	0.000000	0.000000	0.000000	0.000000	0.000000	0.000000	0.000000	0.000000	0.000000	0.000000
32	P	O	0.999718	0.000002	0.000005	0.000276	0.000000	0.000000	0.000000	0.000000	0.000000	0.000000	0.000000	0.000000	0.000000	0.000000	0.000000	0.000000	0.000000	0.000000
33	P	O	0.999802	0.000002	0.000004	0.000196	0.000000	0.000000	0.000000	0.000000	0.000000	0.000000	0.000000	0.000000	0.000000	0.000000	0.000000	0.000000	0.000000	0.000000
34	N	O	0.999856	0.000001	0.000003	0.000142	0.000000	0.000000	0.000000	0.000000	0.000000	0.000000	0.000000	0.000000	0.000000	0.000000	0.000000	0.000000	0.000000	0.000000
35	G	O	0.999894	0.000001	0.000002	0.000104	0.000000	0.000000	0.000000	0.000000	0.000000	0.000000	0.000000	0.000000	0.000000	0.000000	0.000000	0.000000	0.000000	0.000000
36	H	O	0.999927	0.000001	0.000002	0.000075	0.000000	0.000000	0.000000	0.000000	0.000000	0.000000	0.000000	0.000000	0.000000	0.000000	0.000000	0.000000	0.000000	0.000000
37	T	O	0.999950	0.000001	0.000001	0.000055	0.000000	0.000000	0.000000	0.000000	0.000000	0.000000	0.000000	0.000000	0.000000	0.000000	0.000000	0.000000	0.000000	0.000000
38	L	O	0.999962	0.000001	0.000001	0.000040	0.000000	0.000000	0.000000	0.000000	0.000000	0.000000	0.000000	0.000000	0.000000	0.000000	0.000000	0.000000	0.000000	0.000000
39	A	O	0.999972	0.000000	0.000001	0.000030	0.000000	0.000000	0.000000	0.000000	0.000000	0.000000	0.000000	0.000000	0.000000	0.000000	0.000000	0.000000	0.000000	0.000000
40	G	O	0.999983	0.000000	0.000001	0.000021	0.000000	0.000000	0.000000	0.000000	0.000000	0.000000	0.000000	0.000000	0.000000	0.000000	0.000000	0.000000	0.000000	0.000000
41	A	O	0.999992	0.000000	0.000000	0.000015	0.000000	0.000000	0.000000	0.000000	0.000000	0.000000	0.000000	0.000000	0.000000	0.000000	0.000000	0.000000	0.000000	0.000000
42	I	O	0.999999	0.000000	0.000000	0.000011	0.000000	0.000000	0.000000	0.000000	0.000000	0.000000	0.000000	0.000000	0.000000	0.000000	0.000000	0.000000	0.000000	0.000000
43	R	O	1.000000	0.000000	0.000000	0.000008	0.000000	0.000000	0.000000	0.000000	0.000000	0.000000	0.000000	0.000000	0.000000	0.000000	0.000000	0.000000	0.000000	0.000000
44	S	O	1.000000	0.000000	0.000000	0.000006	0.000000	0.000000	0.000000	0.000000	0.000000	0.000000	0.000000	0.000000	0.000000	0.000000	0.000000	0.000000	0.000000	0.000000
45	L	O	1.000000	0.000000	0.000000	0.000004	0.000000	0.000000	0.000000	0.000000	0.000000	0.000000	0.000000	0.000000	0.000000	0.000000	0.000000	0.000000	0.000000	0.000000
46	L	O	1.000000	0.000000	0.000000	0.000003	0.000000	0.000000	0.000000	0.000000	0.000000	0.000000	0.000000	0.000000	0.000000	0.000000	0.000000	0.000000	0.000000	0.000000
47	P	O	1.000000	0.000000	0.000000	0.000002	0.000000	0.000000	0.000000	0.000000	0.000000	0.000000	0.000000	0.000000	0.000000	0.000000	0.000000	0.000000	0.000000	0.000000
48	Q	O	1.000000	0.000000	0.000000	0.000002	0.000000	0.000000	0.000000	0.000000	0.000000	0.000000	0.000000	0.000000	0.000000	0.000000	0.000000	0.000001	0.000000	0.000000
49	G	O	1.000000	0.000000	0.000000	0.000001	0.000000	0.000000	0.000000	0.000000	0.000000	0.000000	0.000000	0.000000	0.000000	0.000000	0.000000	0.000001	0.000000	0.000000
50	Q	O	1.000000	0.000000	0.000000	0.000001	0.000000	0.000000	0.000000	0.000000	0.000000	0.000000	0.000000	0.000000	0.000000	0.000000	0.000000	0.000001	0.000000	0.000000
51	K	O	1.000000	0.000000	0.000000	0.000001	0.000000	0.000001	0.000000	0.000001	0.000000	0.000000	0.000001	0.000000	0.000000	0.000000	0.000000	0.000001	0.000000	0.000001
52	L	O	1.000000	0.000000	0.000000	0.000000	0.000001	0.000001	0.000000	0.000001	0.000000	0.000001	0.000001	0.000000	0.000000	0.000000	0.000000	0.000001	0.000001	0.000001
53	S	O	1.000000	0.000000	0.000000	0.000000	0.000001	0.000001	0.000001	0.000001	0.000000	0.000001	0.000001	0.000000	0.000000	0.000000	0.000000	0.000002	0.000001	0.000001
54	L	O	1.000000	0.000000	0.000000	0.000000	0.000001	0.000001	0.000001	0.000002	0.000000	0.000001	0.000001	0.000000	0.000000	0.000000	0.000000	0.000002	0.000001	0.000001
55	I	O	1.000000	0.000000	0.000000	0.000000	0.000001	0.000002	0.000001	0.000002	0.000000	0.000002	0.000002	0.000000	0.000000	0.000000	0.000000	0.000003	0.000001	0.000001
56	G	O	0.999997	0.000000	0.000000	0.000000	0.000001	0.000002	0.000001	0.000003	0.000000	0.000002	0.000003	0.000000	0.000000	0.000000	0.000000	0.000004	0.000002	0.000002
57	S	O	0.999994	0.000000	0.000000	0.000000	0.000002	0.000003	0.000002	0.000004	0.000000	0.000003	0.000004	0.000000	0.000000	0.000000	0.000000	0.000006	0.000002	0.000002
58	L	O	0.999981	0.000000	0.000000	0.000000	0.000002	0.000003	0.000002	0.000006	0.000001	0.000004	0.000005	0.000000	0.000000	0.000000	0.000001	0.000008	0.000003	0.000003
59	F	O	0.999966	0.000000	0.000000	0.000000	0.000003	0.000004	0.000003	0.000009	0.000001	0.000006	0.000008	0.000000	0.000000	0.000001	0.000001	0.000011	0.000004	0.000004
60	S	O	0.999948	0.000000	0.000000	0.000000	0.000004	0.000006	0.000003	0.000013	0.000002	0.000009	0.000012	0.000000	0.000000	0.000001	0.000001	0.000015	0.000005	0.000005
61	Y	O	0.999911	0.000000	0.000000	0.000000	0.000005	0.000007	0.000005	0.000019	0.000002	0.000014	0.000017	0.000001	0.000000	0.000002	0.000002	0.000022	0.000007	0.000008
62	K	O	0.999851	0.000000	0.000000	0.000000	0.000007	0.000009	0.000008	0.000028	0.000004	0.000020	0.000028	0.000001	0.000000	0.000002	0.000004	0.000033	0.000010	0.000011
63	E	O	0.999791	0.000000	0.000000	0.000000	0.000008	0.000013	0.000008	0.000042	0.000005	0.000032	0.000039	0.000001	0.000000	0.000003	0.000006	0.000043	0.000016	0.000015
64	T	O	0.999693	0.000000	0.000000	0.000000	0.000008	0.000018	0.000011	0.000055	0.000005	0.000054	0.000059	0.000001	0.000000	0.000006	0.000009	0.000055	0.000024	0.000023
65	L	O	0.999570	0.000000	0.000000	0.000000	0.000006	0.000024	0.000015	0.000065	0.000005	0.000083	0.000098	0.000001	0.000000	0.000009	0.000014	0.000064	0.000036	0.000033
66	Y	O	0.999397	0.000000	0.000000	0.000000	0.000004	0.000030	0.000023	0.000066	0.000003	0.000117	0.000168	0.000001	0.000000	0.000015	0.000024	0.000066	0.000055	0.000051
67	F	O	0.999233	0.000000	0.000000	0.000000	0.000000	0.000033	0.000033	0.000040	0.000000	0.000147	0.000262	0.000000	0.000000	0.000019	0.000042	0.000044	0.000080	0.000081
68	P	O	0.999114	0.000000	0.000000	0.000000	0.000000	0.000027	0.000048	0.000000	0.000000	0.000119	0.000404	0.000000	0.000000	0.000022	0.000067	0.000000	0.000085	0.000126
69	R	O	0.999041	0.000000	0.000000	0.000000	0.000000	0.000000	0.000100	0.000000	0.000000	0.000000	0.000531	0.000000	0.000000	0.000000	0.000153	0.000000	0.000000	0.000186
70	P	O	1.000000	0.000000	0.000000	0.000000	0.000000	0.000000	0.000000	0.000000	0.000000	0.000000	0.000000	0.000000	0.000000	0.000000	0.000000	0.000000	0.000000	0.000000
