# Name=gene-SYNPCC7002_RS05820
# pos	aa	label	Other	Sec/SPI n	Sec/SPI h	Sec/SPI c	Sec/SPII n	Sec/SPII h	Sec/SPII cys	Tat/SPI n	Tat/SPI RR	Tat/SPI h	Tat/SPI c	Tat/SPII n	Tat/SPII RR	Tat/SPII h	Tat/SPII cys	Sec/SPIII P	Sec/SPIII cons.	Sec/SPIII h
1	A	N	0.057015	0.921897	0.000000	0.000000	0.004493	0.000000	0.000000	0.016486	0.000000	0.000000	0.000000	0.000071	0.000000	0.000000	0.000000	0.000001	0.000000	0.000000
2	M	N	0.057015	0.877020	0.044876	0.000000	0.004201	0.000292	0.000000	0.014138	0.001835	0.000514	0.000000	0.000055	0.000014	0.000002	0.000000	0.000001	0.000000	0.000000
3	R	N	0.057015	0.829016	0.092829	0.000044	0.003914	0.000579	0.000000	0.011870	0.003455	0.001161	0.000000	0.000048	0.000018	0.000005	0.000000	0.000001	0.000000	0.000000
4	Q	H	0.057027	0.613002	0.308816	0.000057	0.002839	0.001653	0.000002	0.012456	0.001762	0.002268	0.000000	0.000051	0.000012	0.000008	0.000000	0.000001	0.000000	0.000000
5	G	H	0.057047	0.405674	0.516089	0.000095	0.001663	0.002827	0.000001	0.010812	0.001246	0.004428	0.000000	0.000045	0.000010	0.000015	0.000000	0.000001	0.000000	0.000000
6	W	H	0.057087	0.277055	0.644639	0.000124	0.001010	0.003476	0.000004	0.007422	0.002147	0.006917	0.000000	0.000034	0.000013	0.000024	0.000000	0.000001	0.000000	0.000000
7	H	H	0.057139	0.187052	0.734552	0.000166	0.000634	0.003844	0.000008	0.005491	0.002014	0.008981	0.000001	0.000027	0.000012	0.000032	0.000000	0.000000	0.000001	0.000000
8	S	H	0.057229	0.077277	0.844285	0.000130	0.000260	0.004205	0.000012	0.004648	0.000921	0.010916	0.000001	0.000023	0.000007	0.000041	0.000000	0.000000	0.000001	0.000000
9	L	H	0.057315	0.024154	0.897373	0.000093	0.000087	0.004364	0.000014	0.002962	0.000743	0.012780	0.000001	0.000015	0.000005	0.000050	0.000000	0.000000	0.000000	0.000000
10	I	H	0.057378	0.008327	0.913140	0.000103	0.000032	0.004403	0.000016	0.002072	0.000577	0.013835	0.000001	0.000011	0.000004	0.000055	0.000000	0.000000	0.000000	0.000000
11	L	H	0.057447	0.003232	0.918156	0.000138	0.000013	0.004397	0.000025	0.001553	0.000461	0.014470	0.000002	0.000008	0.000003	0.000059	0.000001	0.000000	0.000000	0.000000
12	G	H	0.057537	0.001270	0.919993	0.000196	0.000005	0.004367	0.000038	0.001196	0.000379	0.014906	0.000003	0.000006	0.000002	0.000061	0.000001	0.000000	0.000000	0.000000
13	S	H	0.057661	0.000568	0.920520	0.000291	0.000002	0.004319	0.000051	0.001015	0.000265	0.015198	0.000005	0.000004	0.000001	0.000061	0.000001	0.000000	0.000000	0.000000
14	L	H	0.057830	0.000234	0.920604	0.000424	0.000001	0.004261	0.000060	0.000822	0.000226	0.015427	0.000008	0.000003	0.000001	0.000062	0.000002	0.000000	0.000000	0.000000
15	L	H	0.058002	0.000102	0.920161	0.000893	0.000000	0.004187	0.000074	0.000689	0.000198	0.015580	0.000013	0.000002	0.000001	0.000061	0.000002	0.000000	0.000000	0.000000
16	L	H	0.058205	0.000055	0.918597	0.002382	0.000000	0.004095	0.000093	0.000608	0.000169	0.015675	0.000026	0.000001	0.000001	0.000058	0.000003	0.000000	0.000000	0.000000
17	G	H	0.058451	0.000038	0.913697	0.007153	0.000000	0.003965	0.000130	0.000544	0.000156	0.015717	0.000057	0.000001	0.000000	0.000055	0.000004	0.000000	0.000000	0.000000
18	T	H	0.058842	0.000029	0.904708	0.015896	0.000000	0.003583	0.000382	0.000492	0.000147	0.015720	0.000112	0.000001	0.000000	0.000049	0.000006	0.000000	0.000000	0.000000
19	G	H	0.059690	0.000025	0.890926	0.029231	0.000000	0.003048	0.000535	0.000471	0.000114	0.015678	0.000202	0.000001	0.000000	0.000042	0.000007	0.000000	0.000000	0.000000
20	G	H	0.061474	0.000020	0.880849	0.038080	0.000000	0.002199	0.000849	0.000414	0.000110	0.015642	0.000286	0.000001	0.000000	0.000033	0.000008	0.000000	0.000000	0.000000
21	S	H	0.064893	0.000015	0.875168	0.041227	0.000000	0.001666	0.000533	0.000368	0.000094	0.015612	0.000357	0.000001	0.000000	0.000026	0.000007	0.000000	0.000000	0.000000
22	A	H	0.068428	0.000009	0.870487	0.042946	0.000000	0.001321	0.000345	0.000316	0.000079	0.015573	0.000440	0.000000	0.000000	0.000021	0.000006	0.000000	0.000000	0.000000
23	L	H	0.071474	0.000005	0.864893	0.045875	0.000000	0.000979	0.000342	0.000268	0.000059	0.015496	0.000558	0.000000	0.000000	0.000016	0.000005	0.000000	0.000000	0.000000
24	L	H	0.073228	0.000004	0.850225	0.059153	0.000000	0.000835	0.000144	0.000228	0.000044	0.015201	0.000889	0.000000	0.000000	0.000012	0.000004	0.000000	0.000000	0.000000
25	S	H	0.074500	0.000002	0.823777	0.084508	0.000000	0.000732	0.000103	0.000177	0.000042	0.014633	0.001484	0.000000	0.000000	0.000010	0.000003	0.000000	0.000000	0.000000
26	P	H	0.075678	0.000002	0.784209	0.123032	0.000000	0.000620	0.000111	0.000151	0.000023	0.013753	0.002379	0.000000	0.000000	0.000008	0.000002	0.000000	0.000000	0.000000
27	V	H	0.077065	0.000001	0.747344	0.158674	0.000000	0.000505	0.000115	0.000099	0.000015	0.012945	0.003201	0.000000	0.000000	0.000006	0.000002	0.000000	0.000000	0.000000
28	L	H	0.077944	0.000000	0.651691	0.253610	0.000000	0.000432	0.000073	0.000063	0.000006	0.011317	0.004831	0.000000	0.000000	0.000004	0.000001	0.000000	0.000000	0.000000
29	I	H	0.078716	0.000000	0.473539	0.431110	0.000000	0.000368	0.000064	0.000031	0.000004	0.008715	0.007419	0.000000	0.000000	0.000003	0.000001	0.000000	0.000000	0.000000
30	P	C	0.079622	0.000000	0.186354	0.717520	0.000000	0.000313	0.000055	0.000017	0.000001	0.004751	0.011337	0.000000	0.000000	0.000002	0.000001	0.000000	0.000000	0.000000
31	P	C	0.081460	0.000000	0.054002	0.848223	0.000000	0.000243	0.000070	0.000006	0.000001	0.002169	0.013797	0.000000	0.000000	0.000001	0.000001	0.000000	0.000000	0.000000
32	T	C	0.084466	0.000000	0.004962	0.894543	0.000000	0.000172	0.000071	0.000003	0.000000	0.000448	0.015304	0.000000	0.000000	0.000001	0.000000	0.000000	0.000000	0.000000
33	F	C	0.097178	0.000000	0.000600	0.886904	0.000000	0.000095	0.000077	0.000001	0.000000	0.000096	0.015015	0.000000	0.000000	0.000001	0.000000	0.000000	0.000000	0.000000
34	A	C	0.152200	0.000000	0.000038	0.834187	0.000000	0.000030	0.000064	0.000001	0.000000	0.000012	0.013435	0.000000	0.000000	0.000000	0.000000	0.000000	0.000000	0.000000
35	Q	O	0.945281	0.000000	0.000034	0.052495	0.000000	0.000005	0.000025	0.000000	0.000000	0.000010	0.002123	0.000000	0.000000	0.000000	0.000000	0.000000	0.000000	0.000000
36	E	O	0.972325	0.000000	0.000023	0.026762	0.000000	0.000001	0.000004	0.000001	0.000000	0.000005	0.000850	0.000000	0.000000	0.000000	0.000000	0.000000	0.000000	0.000000
37	A	O	0.985617	0.000000	0.000016	0.014011	0.000000	0.000000	0.000001	0.000001	0.000000	0.000003	0.000322	0.000000	0.000000	0.000000	0.000000	0.000000	0.000000	0.000000
38	T	O	0.991736	0.000000	0.000011	0.008088	0.000000	0.000000	0.000000	0.000002	0.000000	0.000003	0.000133	0.000000	0.000000	0.000000	0.000000	0.000000	0.000000	0.000000
39	S	O	0.994493	0.000000	0.000007	0.005402	0.000000	0.000000	0.000000	0.000002	0.000000	0.000003	0.000068	0.000000	0.000000	0.000000	0.000000	0.000000	0.000000	0.000000
40	T	O	0.996234	0.000000	0.000004	0.003699	0.000000	0.000000	0.000000	0.000003	0.000000	0.000003	0.000038	0.000000	0.000000	0.000000	0.000000	0.000000	0.000000	0.000000
41	T	O	0.997454	0.000000	0.000002	0.002494	0.000000	0.000000	0.000000	0.000003	0.000000	0.000003	0.000023	0.000000	0.000000	0.000000	0.000000	0.000000	0.000000	0.000000
42	Q	O	0.998351	0.000000	0.000001	0.001614	0.000000	0.000000	0.000000	0.000004	0.000000	0.000004	0.000015	0.000000	0.000000	0.000000	0.000000	0.000000	0.000000	0.000000
43	G	O	0.998990	0.000000	0.000001	0.000981	0.000000	0.000000	0.000000	0.000004	0.000000	0.000004	0.000012	0.000000	0.000000	0.000000	0.000000	0.000000	0.000000	0.000000
44	R	O	0.999405	0.000000	0.000000	0.000564	0.000000	0.000000	0.000000	0.000005	0.000001	0.000005	0.000010	0.000000	0.000000	0.000000	0.000000	0.000000	0.000000	0.000000
45	S	O	0.999633	0.000000	0.000000	0.000331	0.000000	0.000000	0.000000	0.000006	0.000001	0.000006	0.000011	0.000000	0.000000	0.000000	0.000000	0.000000	0.000000	0.000000
46	F	O	0.999765	0.000000	0.000000	0.000192	0.000000	0.000001	0.000000	0.000008	0.000001	0.000007	0.000013	0.000000	0.000000	0.000000	0.000000	0.000000	0.000000	0.000000
47	L	O	0.999848	0.000000	0.000000	0.000109	0.000000	0.000001	0.000001	0.000009	0.000001	0.000009	0.000015	0.000000	0.000000	0.000000	0.000000	0.000000	0.000000	0.000000
48	A	O	0.999890	0.000000	0.000000	0.000062	0.000000	0.000001	0.000001	0.000011	0.000001	0.000012	0.000018	0.000000	0.000000	0.000000	0.000000	0.000000	0.000000	0.000000
49	E	O	0.999903	0.000000	0.000000	0.000035	0.000000	0.000001	0.000001	0.000014	0.000002	0.000014	0.000022	0.000000	0.000000	0.000000	0.000000	0.000000	0.000000	0.000000
50	L	O	0.999908	0.000000	0.000000	0.000019	0.000001	0.000001	0.000001	0.000017	0.000002	0.000017	0.000026	0.000000	0.000000	0.000000	0.000000	0.000000	0.000000	0.000000
51	W	O	0.999900	0.000000	0.000000	0.000011	0.000001	0.000002	0.000001	0.000021	0.000002	0.000021	0.000033	0.000000	0.000000	0.000000	0.000000	0.000000	0.000000	0.000000
52	L	O	0.999890	0.000000	0.000000	0.000006	0.000001	0.000002	0.000002	0.000026	0.000003	0.000026	0.000039	0.000000	0.000000	0.000000	0.000001	0.000001	0.000000	0.000000
53	L	O	0.999866	0.000000	0.000000	0.000003	0.000001	0.000003	0.000002	0.000032	0.000003	0.000033	0.000049	0.000000	0.000000	0.000000	0.000001	0.000001	0.000000	0.000000
54	N	O	0.999836	0.000000	0.000000	0.000002	0.000001	0.000003	0.000003	0.000040	0.000004	0.000040	0.000063	0.000000	0.000000	0.000001	0.000001	0.000001	0.000001	0.000001
55	Q	O	0.999803	0.000000	0.000000	0.000001	0.000001	0.000004	0.000004	0.000049	0.000006	0.000049	0.000078	0.000000	0.000000	0.000001	0.000001	0.000001	0.000001	0.000001
56	G	O	0.999750	0.000000	0.000000	0.000001	0.000002	0.000005	0.000004	0.000062	0.000005	0.000062	0.000099	0.000000	0.000000	0.000001	0.000002	0.000002	0.000001	0.000001
57	F	O	0.999695	0.000000	0.000000	0.000000	0.000002	0.000006	0.000005	0.000072	0.000006	0.000079	0.000119	0.000000	0.000000	0.000001	0.000002	0.000002	0.000001	0.000002
58	V	O	0.999628	0.000000	0.000000	0.000000	0.000002	0.000007	0.000007	0.000083	0.000008	0.000098	0.000148	0.000000	0.000000	0.000002	0.000003	0.000003	0.000002	0.000002
59	G	O	0.999543	0.000000	0.000000	0.000000	0.000002	0.000008	0.000008	0.000103	0.000008	0.000113	0.000194	0.000000	0.000000	0.000002	0.000005	0.000004	0.000002	0.000003
60	L	O	0.999463	0.000000	0.000000	0.000000	0.000003	0.000009	0.000010	0.000116	0.000011	0.000144	0.000221	0.000001	0.000000	0.000003	0.000006	0.000005	0.000003	0.000004
61	R	O	0.999278	0.000000	0.000000	0.000000	0.000004	0.000011	0.000014	0.000144	0.000015	0.000172	0.000326	0.000001	0.000000	0.000004	0.000008	0.000008	0.000004	0.000005
62	P	O	0.999049	0.000000	0.000000	0.000000	0.000004	0.000014	0.000017	0.000190	0.000015	0.000222	0.000436	0.000001	0.000000	0.000005	0.000012	0.000011	0.000007	0.000007
63	D	O	0.998800	0.000000	0.000000	0.000000	0.000005	0.000017	0.000022	0.000217	0.000016	0.000284	0.000570	0.000001	0.000000	0.000007	0.000016	0.000015	0.000009	0.000011
64	L	O	0.998582	0.000000	0.000000	0.000000	0.000005	0.000019	0.000027	0.000222	0.000015	0.000348	0.000696	0.000001	0.000000	0.000009	0.000022	0.000018	0.000013	0.000015
65	E	O	0.998366	0.000000	0.000000	0.000000	0.000004	0.000023	0.000030	0.000213	0.000012	0.000387	0.000854	0.000001	0.000000	0.000012	0.000029	0.000022	0.000017	0.000021
66	E	O	0.998173	0.000000	0.000000	0.000000	0.000002	0.000026	0.000041	0.000172	0.000006	0.000433	0.001010	0.000001	0.000000	0.000016	0.000041	0.000024	0.000024	0.000028
67	F	O	0.997906	0.000000	0.000000	0.000000	0.000000	0.000028	0.000055	0.000081	0.000000	0.000428	0.001320	0.000000	0.000000	0.000021	0.000064	0.000021	0.000032	0.000041
68	P	O	0.997832	0.000000	0.000000	0.000000	0.000000	0.000025	0.000072	0.000000	0.000000	0.000243	0.001605	0.000000	0.000000	0.000028	0.000090	0.000000	0.000047	0.000055
69	D	O	0.998292	0.000000	0.000000	0.000000	0.000000	0.000000	0.000133	0.000000	0.000000	0.000000	0.001215	0.000000	0.000000	0.000000	0.000232	0.000000	0.000000	0.000120
70	N	O	0.999997	0.000000	0.000000	0.000000	0.000000	0.000000	0.000000	0.000000	0.000000	0.000000	0.000000	0.000000	0.000000	0.000000	0.000000	0.000000	0.000000	0.000000
