# Name=gene-SYNPCC7002_RS10625
# pos	aa	label	Other	Sec/SPI n	Sec/SPI h	Sec/SPI c	Sec/SPII n	Sec/SPII h	Sec/SPII cys	Tat/SPI n	Tat/SPI RR	Tat/SPI h	Tat/SPI c	Tat/SPII n	Tat/SPII RR	Tat/SPII h	Tat/SPII cys	Sec/SPIII P	Sec/SPIII cons.	Sec/SPIII h
1	A	O	0.749116	0.249926	0.000000	0.000000	0.000936	0.000000	0.000000	0.000003	0.000000	0.000000	0.000000	0.000000	0.000000	0.000000	0.000000	0.000013	0.000000	0.000000
2	I	O	0.749121	0.111788	0.138140	0.000000	0.000537	0.000399	0.000000	0.000002	0.000000	0.000001	0.000000	0.000000	0.000000	0.000000	0.000000	0.000010	0.000003	0.000000
3	G	O	0.749120	0.059899	0.189691	0.000339	0.000322	0.000614	0.000000	0.000002	0.000000	0.000001	0.000000	0.000000	0.000000	0.000000	0.000000	0.000008	0.000003	0.000001
4	I	O	0.749167	0.027552	0.221456	0.000874	0.000186	0.000744	0.000005	0.000001	0.000000	0.000001	0.000000	0.000000	0.000000	0.000000	0.000000	0.000007	0.000004	0.000002
5	G	O	0.749256	0.014050	0.233398	0.002360	0.000113	0.000807	0.000010	0.000001	0.000000	0.000002	0.000000	0.000000	0.000000	0.000000	0.000000	0.000005	0.000003	0.000002
6	L	O	0.749428	0.006746	0.237960	0.004943	0.000067	0.000834	0.000019	0.000001	0.000000	0.000002	0.000000	0.000000	0.000000	0.000000	0.000000	0.000004	0.000003	0.000002
7	L	O	0.749679	0.003290	0.235464	0.010666	0.000041	0.000840	0.000020	0.000001	0.000000	0.000002	0.000000	0.000000	0.000000	0.000000	0.000000	0.000003	0.000002	0.000002
8	G	O	0.749991	0.001857	0.222292	0.024981	0.000026	0.000824	0.000031	0.000001	0.000000	0.000002	0.000000	0.000000	0.000000	0.000000	0.000000	0.000003	0.000002	0.000002
9	L	O	0.750748	0.000957	0.205413	0.042036	0.000016	0.000780	0.000055	0.000000	0.000000	0.000002	0.000000	0.000000	0.000000	0.000000	0.000000	0.000002	0.000001	0.000002
10	G	O	0.751521	0.000626	0.164285	0.082779	0.000010	0.000725	0.000060	0.000000	0.000000	0.000002	0.000001	0.000000	0.000000	0.000000	0.000000	0.000002	0.000001	0.000001
11	T	O	0.753229	0.000439	0.121492	0.124113	0.000007	0.000616	0.000112	0.000000	0.000000	0.000001	0.000001	0.000000	0.000000	0.000000	0.000000	0.000001	0.000001	0.000001
12	V	O	0.757108	0.000292	0.092058	0.149926	0.000004	0.000524	0.000094	0.000000	0.000000	0.000001	0.000001	0.000000	0.000000	0.000000	0.000000	0.000001	0.000001	0.000001
13	G	O	0.761118	0.000249	0.047362	0.190751	0.000003	0.000444	0.000082	0.000000	0.000000	0.000001	0.000002	0.000000	0.000000	0.000000	0.000000	0.000001	0.000001	0.000001
14	T	O	0.770490	0.000218	0.026005	0.202849	0.000002	0.000309	0.000136	0.000000	0.000000	0.000000	0.000002	0.000000	0.000000	0.000000	0.000000	0.000001	0.000000	0.000000
15	G	O	0.787692	0.000189	0.016140	0.195676	0.000001	0.000210	0.000100	0.000000	0.000000	0.000000	0.000001	0.000000	0.000000	0.000000	0.000000	0.000000	0.000000	0.000000
16	T	O	0.812580	0.000162	0.011234	0.175818	0.000001	0.000122	0.000088	0.000000	0.000000	0.000000	0.000001	0.000000	0.000000	0.000000	0.000000	0.000000	0.000000	0.000000
17	A	O	0.840794	0.000133	0.008551	0.150407	0.000001	0.000083	0.000040	0.000000	0.000000	0.000000	0.000001	0.000000	0.000000	0.000000	0.000000	0.000000	0.000000	0.000000
18	E	O	0.868727	0.000107	0.006710	0.124381	0.000000	0.000058	0.000025	0.000000	0.000000	0.000000	0.000001	0.000000	0.000000	0.000000	0.000000	0.000000	0.000000	0.000000
19	I	O	0.887551	0.000080	0.005283	0.107035	0.000000	0.000043	0.000016	0.000000	0.000000	0.000000	0.000000	0.000000	0.000000	0.000000	0.000000	0.000000	0.000000	0.000000
20	L	O	0.902511	0.000061	0.003894	0.093504	0.000000	0.000031	0.000012	0.000000	0.000000	0.000000	0.000000	0.000000	0.000000	0.000000	0.000000	0.000000	0.000000	0.000000
21	L	O	0.914963	0.000048	0.002659	0.082310	0.000000	0.000022	0.000010	0.000000	0.000000	0.000000	0.000000	0.000000	0.000000	0.000000	0.000000	0.000000	0.000000	0.000000
22	S	O	0.925799	0.000039	0.001653	0.072495	0.000000	0.000015	0.000006	0.000000	0.000000	0.000000	0.000000	0.000000	0.000000	0.000000	0.000000	0.000000	0.000000	0.000000
23	P	O	0.935731	0.000032	0.001001	0.063229	0.000000	0.000010	0.000006	0.000000	0.000000	0.000000	0.000000	0.000000	0.000000	0.000000	0.000000	0.000000	0.000000	0.000000
24	Q	O	0.945716	0.000027	0.000622	0.053633	0.000000	0.000006	0.000004	0.000000	0.000000	0.000000	0.000000	0.000000	0.000000	0.000000	0.000000	0.000000	0.000000	0.000000
25	G	O	0.954518	0.000022	0.000372	0.045091	0.000000	0.000004	0.000002	0.000000	0.000000	0.000000	0.000000	0.000000	0.000000	0.000000	0.000000	0.000000	0.000000	0.000000
26	R	O	0.962637	0.000019	0.000219	0.037125	0.000000	0.000002	0.000002	0.000000	0.000000	0.000000	0.000000	0.000000	0.000000	0.000000	0.000000	0.000000	0.000000	0.000000
27	H	O	0.970705	0.000016	0.000142	0.029141	0.000000	0.000001	0.000001	0.000000	0.000000	0.000000	0.000000	0.000000	0.000000	0.000000	0.000000	0.000000	0.000000	0.000000
28	P	O	0.977802	0.000013	0.000100	0.022090	0.000000	0.000001	0.000000	0.000000	0.000000	0.000000	0.000000	0.000000	0.000000	0.000000	0.000000	0.000000	0.000000	0.000000
29	L	O	0.983122	0.000011	0.000072	0.016803	0.000000	0.000001	0.000000	0.000000	0.000000	0.000000	0.000000	0.000000	0.000000	0.000000	0.000000	0.000000	0.000000	0.000000
30	L	O	0.986996	0.000009	0.000050	0.012953	0.000000	0.000000	0.000000	0.000000	0.000000	0.000000	0.000000	0.000000	0.000000	0.000000	0.000000	0.000000	0.000000	0.000000
31	G	O	0.989993	0.000007	0.000036	0.009972	0.000000	0.000000	0.000000	0.000000	0.000000	0.000000	0.000000	0.000000	0.000000	0.000000	0.000000	0.000000	0.000000	0.000000
32	E	O	0.992555	0.000006	0.000027	0.007419	0.000000	0.000000	0.000000	0.000000	0.000000	0.000000	0.000000	0.000000	0.000000	0.000000	0.000000	0.000000	0.000000	0.000000
33	V	O	0.994293	0.000005	0.000021	0.005690	0.000000	0.000000	0.000000	0.000000	0.000000	0.000000	0.000000	0.000000	0.000000	0.000000	0.000000	0.000000	0.000000	0.000000
34	V	O	0.995445	0.000004	0.000016	0.004544	0.000000	0.000000	0.000000	0.000000	0.000000	0.000000	0.000000	0.000000	0.000000	0.000000	0.000000	0.000000	0.000000	0.000000
35	L	O	0.996265	0.000003	0.000011	0.003730	0.000000	0.000000	0.000000	0.000000	0.000000	0.000000	0.000000	0.000000	0.000000	0.000000	0.000000	0.000000	0.000000	0.000000
36	K	O	0.996855	0.000002	0.000008	0.003144	0.000000	0.000000	0.000000	0.000000	0.000000	0.000000	0.000000	0.000000	0.000000	0.000000	0.000000	0.000000	0.000000	0.000000
37	R	O	0.997395	0.000002	0.000005	0.002610	0.000000	0.000000	0.000000	0.000000	0.000000	0.000000	0.000000	0.000000	0.000000	0.000000	0.000000	0.000000	0.000000	0.000000
38	A	O	0.997870	0.000001	0.000004	0.002132	0.000000	0.000001	0.000000	0.000000	0.000000	0.000000	0.000000	0.000000	0.000000	0.000000	0.000000	0.000001	0.000000	0.000000
39	G	O	0.998291	0.000001	0.000003	0.001709	0.000000	0.000001	0.000000	0.000000	0.000000	0.000000	0.000000	0.000000	0.000000	0.000000	0.000000	0.000001	0.000000	0.000000
40	V	O	0.998651	0.000001	0.000002	0.001350	0.000000	0.000001	0.000000	0.000000	0.000000	0.000000	0.000000	0.000000	0.000000	0.000000	0.000000	0.000001	0.000000	0.000000
41	R	O	0.998935	0.000001	0.000001	0.001066	0.000000	0.000001	0.000000	0.000000	0.000000	0.000000	0.000000	0.000000	0.000000	0.000000	0.000000	0.000001	0.000000	0.000000
42	S	O	0.999203	0.000000	0.000001	0.000796	0.000000	0.000001	0.000001	0.000000	0.000000	0.000000	0.000000	0.000000	0.000000	0.000000	0.000000	0.000001	0.000000	0.000001
43	L	O	0.999431	0.000000	0.000001	0.000570	0.000001	0.000001	0.000001	0.000000	0.000000	0.000000	0.000000	0.000000	0.000000	0.000000	0.000000	0.000001	0.000001	0.000001
44	D	O	0.999586	0.000000	0.000000	0.000409	0.000001	0.000001	0.000001	0.000000	0.000000	0.000000	0.000000	0.000000	0.000000	0.000000	0.000000	0.000002	0.000001	0.000001
45	K	O	0.999720	0.000000	0.000000	0.000281	0.000001	0.000001	0.000001	0.000000	0.000000	0.000000	0.000001	0.000000	0.000000	0.000000	0.000000	0.000002	0.000001	0.000001
46	P	O	0.999815	0.000000	0.000000	0.000184	0.000001	0.000001	0.000001	0.000001	0.000000	0.000000	0.000001	0.000000	0.000000	0.000000	0.000000	0.000002	0.000001	0.000001
47	R	O	0.999880	0.000000	0.000000	0.000119	0.000001	0.000002	0.000001	0.000001	0.000000	0.000001	0.000001	0.000000	0.000000	0.000000	0.000000	0.000003	0.000001	0.000001
48	N	O	0.999919	0.000000	0.000000	0.000076	0.000001	0.000002	0.000001	0.000001	0.000000	0.000001	0.000001	0.000000	0.000000	0.000000	0.000000	0.000003	0.000001	0.000002
49	I	O	0.999941	0.000000	0.000000	0.000048	0.000001	0.000002	0.000002	0.000001	0.000000	0.000001	0.000001	0.000000	0.000000	0.000000	0.000000	0.000004	0.000002	0.000002
50	D	O	0.999956	0.000000	0.000000	0.000031	0.000001	0.000003	0.000002	0.000002	0.000000	0.000001	0.000002	0.000000	0.000000	0.000000	0.000000	0.000005	0.000002	0.000003
51	L	O	0.999961	0.000000	0.000000	0.000020	0.000002	0.000004	0.000003	0.000002	0.000000	0.000002	0.000002	0.000000	0.000000	0.000000	0.000000	0.000006	0.000003	0.000003
52	P	O	0.999964	0.000000	0.000000	0.000013	0.000002	0.000005	0.000003	0.000003	0.000000	0.000002	0.000004	0.000000	0.000000	0.000000	0.000000	0.000007	0.000004	0.000005
53	A	O	0.999960	0.000000	0.000000	0.000008	0.000002	0.000005	0.000004	0.000004	0.000000	0.000003	0.000005	0.000000	0.000000	0.000000	0.000001	0.000009	0.000005	0.000006
54	G	O	0.999955	0.000000	0.000000	0.000005	0.000002	0.000006	0.000005	0.000005	0.000001	0.000004	0.000006	0.000000	0.000000	0.000000	0.000001	0.000011	0.000006	0.000007
55	C	O	0.999946	0.000000	0.000000	0.000003	0.000003	0.000007	0.000006	0.000007	0.000001	0.000006	0.000008	0.000000	0.000000	0.000001	0.000001	0.000013	0.000007	0.000009
56	L	O	0.999926	0.000000	0.000000	0.000002	0.000004	0.000008	0.000007	0.000009	0.000001	0.000008	0.000011	0.000000	0.000000	0.000001	0.000001	0.000017	0.000009	0.000011
57	T	O	0.999907	0.000000	0.000000	0.000001	0.000004	0.000009	0.000009	0.000012	0.000001	0.000011	0.000014	0.000000	0.000000	0.000001	0.000002	0.000021	0.000011	0.000014
58	T	O	0.999872	0.000000	0.000000	0.000000	0.000005	0.000012	0.000011	0.000017	0.000002	0.000015	0.000020	0.000000	0.000000	0.000002	0.000003	0.000028	0.000015	0.000018
59	D	O	0.999817	0.000000	0.000000	0.000000	0.000007	0.000014	0.000014	0.000025	0.000003	0.000020	0.000030	0.000001	0.000000	0.000002	0.000004	0.000036	0.000020	0.000024
60	L	O	0.999753	0.000000	0.000000	0.000000	0.000008	0.000017	0.000017	0.000034	0.000004	0.000030	0.000041	0.000001	0.000000	0.000003	0.000006	0.000046	0.000026	0.000032
61	E	O	0.999656	0.000000	0.000000	0.000000	0.000009	0.000022	0.000021	0.000048	0.000006	0.000042	0.000060	0.000001	0.000000	0.000005	0.000009	0.000061	0.000033	0.000042
62	A	O	0.999525	0.000000	0.000000	0.000000	0.000011	0.000028	0.000027	0.000068	0.000007	0.000062	0.000087	0.000002	0.000000	0.000007	0.000014	0.000079	0.000044	0.000054
63	I	O	0.999342	0.000000	0.000000	0.000000	0.000012	0.000034	0.000036	0.000088	0.000008	0.000096	0.000128	0.000002	0.000001	0.000011	0.000022	0.000100	0.000059	0.000074
64	V	O	0.999103	0.000000	0.000000	0.000000	0.000013	0.000043	0.000046	0.000109	0.000009	0.000134	0.000205	0.000002	0.000000	0.000016	0.000033	0.000127	0.000080	0.000099
65	K	O	0.998802	0.000000	0.000000	0.000000	0.000011	0.000052	0.000059	0.000120	0.000010	0.000179	0.000316	0.000002	0.000000	0.000023	0.000049	0.000154	0.000108	0.000133
66	D	O	0.998386	0.000000	0.000000	0.000000	0.000006	0.000063	0.000081	0.000122	0.000006	0.000241	0.000485	0.000002	0.000000	0.000036	0.000079	0.000157	0.000160	0.000187
67	P	O	0.997936	0.000000	0.000000	0.000000	0.000000	0.000068	0.000112	0.000080	0.000000	0.000286	0.000745	0.000000	0.000000	0.000050	0.000134	0.000110	0.000210	0.000284
68	E	O	0.997630	0.000000	0.000000	0.000000	0.000000	0.000052	0.000153	0.000000	0.000000	0.000232	0.001060	0.000000	0.000000	0.000054	0.000218	0.000000	0.000215	0.000398
69	I	O	0.997776	0.000000	0.000000	0.000000	0.000000	0.000000	0.000205	0.000000	0.000000	0.000000	0.001120	0.000000	0.000000	0.000000	0.000393	0.000000	0.000000	0.000513
70	Q	O	1.000000	0.000000	0.000000	0.000000	0.000000	0.000000	0.000000	0.000000	0.000000	0.000000	0.000000	0.000000	0.000000	0.000000	0.000000	0.000000	0.000000	0.000000
