# Name=gene-SYNPCC7002_RS00165
# pos	aa	label	Other	Sec/SPI n	Sec/SPI h	Sec/SPI c	Sec/SPII n	Sec/SPII h	Sec/SPII cys	Tat/SPI n	Tat/SPI RR	Tat/SPI h	Tat/SPI c	Tat/SPII n	Tat/SPII RR	Tat/SPII h	Tat/SPII cys	Sec/SPIII P	Sec/SPIII cons.	Sec/SPIII h
1	S	O	0.879049	0.120341	0.000000	0.000000	0.000023	0.000000	0.000000	0.000000	0.000000	0.000000	0.000000	0.000000	0.000000	0.000000	0.000000	0.000607	0.000000	0.000000
2	S	O	0.879051	0.100312	0.020029	0.000000	0.000017	0.000007	0.000000	0.000000	0.000000	0.000000	0.000000	0.000000	0.000000	0.000000	0.000000	0.000481	0.000126	0.000000
3	S	O	0.879051	0.076287	0.044005	0.000048	0.000011	0.000013	0.000000	0.000000	0.000000	0.000000	0.000000	0.000000	0.000000	0.000000	0.000000	0.000311	0.000252	0.000044
4	V	O	0.879110	0.045064	0.075185	0.000069	0.000005	0.000018	0.000000	0.000000	0.000000	0.000000	0.000000	0.000000	0.000000	0.000000	0.000000	0.000110	0.000392	0.000071
5	L	O	0.879185	0.023134	0.097058	0.000095	0.000002	0.000020	0.000001	0.000000	0.000000	0.000000	0.000000	0.000000	0.000000	0.000000	0.000000	0.000030	0.000342	0.000160
6	E	O	0.879343	0.011328	0.108811	0.000090	0.000001	0.000021	0.000001	0.000000	0.000000	0.000000	0.000000	0.000000	0.000000	0.000000	0.000000	0.000005	0.000252	0.000172
7	I	O	0.879448	0.002506	0.117605	0.000062	0.000000	0.000020	0.000001	0.000000	0.000000	0.000000	0.000000	0.000000	0.000000	0.000000	0.000000	0.000001	0.000079	0.000302
8	L	O	0.879547	0.000478	0.119599	0.000058	0.000000	0.000019	0.000002	0.000000	0.000000	0.000000	0.000000	0.000000	0.000000	0.000000	0.000000	0.000000	0.000022	0.000298
9	V	O	0.879633	0.000082	0.119952	0.000066	0.000000	0.000017	0.000002	0.000000	0.000000	0.000000	0.000000	0.000000	0.000000	0.000000	0.000000	0.000000	0.000006	0.000261
10	I	O	0.879718	0.000014	0.119960	0.000085	0.000000	0.000015	0.000002	0.000000	0.000000	0.000000	0.000000	0.000000	0.000000	0.000000	0.000000	0.000000	0.000002	0.000225
11	L	O	0.879801	0.000002	0.119885	0.000120	0.000000	0.000013	0.000002	0.000000	0.000000	0.000000	0.000000	0.000000	0.000000	0.000000	0.000000	0.000000	0.000000	0.000193
12	L	O	0.879903	0.000000	0.119762	0.000173	0.000000	0.000011	0.000002	0.000000	0.000000	0.000000	0.000000	0.000000	0.000000	0.000000	0.000000	0.000000	0.000000	0.000165
13	L	O	0.880021	0.000000	0.119567	0.000272	0.000000	0.000010	0.000001	0.000000	0.000000	0.000000	0.000000	0.000000	0.000000	0.000000	0.000000	0.000000	0.000000	0.000143
14	T	O	0.880166	0.000000	0.119129	0.000587	0.000000	0.000009	0.000001	0.000000	0.000000	0.000000	0.000000	0.000000	0.000000	0.000000	0.000000	0.000000	0.000000	0.000122
15	I	O	0.880375	0.000000	0.118143	0.001377	0.000000	0.000008	0.000001	0.000000	0.000000	0.000000	0.000000	0.000000	0.000000	0.000000	0.000000	0.000000	0.000000	0.000106
16	L	O	0.880655	0.000000	0.115361	0.003893	0.000000	0.000008	0.000001	0.000000	0.000000	0.000000	0.000000	0.000000	0.000000	0.000000	0.000000	0.000000	0.000000	0.000089
17	N	O	0.881041	0.000000	0.107584	0.011303	0.000000	0.000007	0.000001	0.000000	0.000000	0.000000	0.000000	0.000000	0.000000	0.000000	0.000000	0.000000	0.000000	0.000071
18	G	O	0.881744	0.000000	0.094071	0.024129	0.000000	0.000006	0.000001	0.000000	0.000000	0.000000	0.000000	0.000000	0.000000	0.000000	0.000000	0.000000	0.000000	0.000054
19	I	O	0.882637	0.000000	0.070766	0.046555	0.000000	0.000005	0.000001	0.000000	0.000000	0.000000	0.000000	0.000000	0.000000	0.000000	0.000000	0.000000	0.000000	0.000043
20	F	O	0.884059	0.000000	0.046545	0.069362	0.000000	0.000004	0.000001	0.000000	0.000000	0.000000	0.000000	0.000000	0.000000	0.000000	0.000000	0.000000	0.000000	0.000034
21	S	O	0.885714	0.000000	0.025858	0.088394	0.000000	0.000003	0.000001	0.000000	0.000000	0.000000	0.000000	0.000000	0.000000	0.000000	0.000000	0.000000	0.000000	0.000026
22	G	O	0.895333	0.000000	0.017689	0.086955	0.000000	0.000001	0.000002	0.000000	0.000000	0.000000	0.000000	0.000000	0.000000	0.000000	0.000000	0.000000	0.000000	0.000018
23	S	O	0.906358	0.000000	0.012935	0.080692	0.000000	0.000001	0.000001	0.000000	0.000000	0.000000	0.000000	0.000000	0.000000	0.000000	0.000000	0.000000	0.000000	0.000012
24	E	O	0.917868	0.000000	0.009617	0.072501	0.000000	0.000000	0.000000	0.000000	0.000000	0.000000	0.000000	0.000000	0.000000	0.000000	0.000000	0.000000	0.000000	0.000006
25	I	O	0.927237	0.000000	0.007308	0.065444	0.000000	0.000000	0.000000	0.000000	0.000000	0.000000	0.000000	0.000000	0.000000	0.000000	0.000000	0.000000	0.000000	0.000003
26	A	O	0.935142	0.000000	0.004835	0.060013	0.000000	0.000000	0.000000	0.000000	0.000000	0.000000	0.000000	0.000000	0.000000	0.000000	0.000000	0.000000	0.000000	0.000002
27	V	O	0.944752	0.000000	0.003107	0.052131	0.000000	0.000000	0.000000	0.000000	0.000000	0.000000	0.000000	0.000000	0.000000	0.000000	0.000000	0.000000	0.000000	0.000001
28	V	O	0.954776	0.000000	0.001835	0.043378	0.000000	0.000000	0.000000	0.000000	0.000000	0.000000	0.000000	0.000000	0.000000	0.000000	0.000000	0.000000	0.000000	0.000000
29	S	O	0.966048	0.000000	0.001114	0.032827	0.000000	0.000000	0.000000	0.000000	0.000000	0.000000	0.000000	0.000000	0.000000	0.000000	0.000000	0.000000	0.000000	0.000000
30	A	O	0.976075	0.000000	0.000748	0.023168	0.000000	0.000000	0.000000	0.000000	0.000000	0.000000	0.000000	0.000000	0.000000	0.000000	0.000000	0.000000	0.000000	0.000000
31	R	O	0.983393	0.000000	0.000512	0.016083	0.000000	0.000000	0.000000	0.000000	0.000000	0.000000	0.000000	0.000000	0.000000	0.000000	0.000000	0.000000	0.000000	0.000000
32	K	O	0.987977	0.000000	0.000356	0.011652	0.000000	0.000000	0.000000	0.000000	0.000000	0.000000	0.000000	0.000000	0.000000	0.000000	0.000000	0.000000	0.000000	0.000000
33	I	O	0.991019	0.000000	0.000249	0.008723	0.000000	0.000000	0.000000	0.000000	0.000000	0.000000	0.000000	0.000000	0.000000	0.000000	0.000000	0.000000	0.000000	0.000000
34	R	O	0.993111	0.000000	0.000172	0.006702	0.000000	0.000000	0.000000	0.000000	0.000000	0.000000	0.000000	0.000000	0.000000	0.000000	0.000000	0.000000	0.000000	0.000000
35	L	O	0.994798	0.000000	0.000123	0.005070	0.000000	0.000000	0.000000	0.000000	0.000000	0.000000	0.000000	0.000000	0.000000	0.000000	0.000000	0.000000	0.000000	0.000000
36	E	O	0.996039	0.000000	0.000086	0.003868	0.000000	0.000000	0.000000	0.000000	0.000000	0.000000	0.000000	0.000000	0.000000	0.000000	0.000000	0.000000	0.000000	0.000000
37	Q	O	0.996954	0.000000	0.000061	0.002977	0.000000	0.000000	0.000000	0.000000	0.000000	0.000000	0.000000	0.000000	0.000000	0.000000	0.000000	0.000000	0.000000	0.000000
38	L	O	0.997641	0.000000	0.000043	0.002304	0.000000	0.000000	0.000000	0.000000	0.000000	0.000000	0.000000	0.000000	0.000000	0.000000	0.000000	0.000000	0.000000	0.000000
39	L	O	0.998192	0.000000	0.000030	0.001768	0.000000	0.000000	0.000000	0.000000	0.000000	0.000000	0.000000	0.000000	0.000000	0.000000	0.000000	0.000000	0.000000	0.000000
40	E	O	0.998596	0.000000	0.000020	0.001374	0.000000	0.000000	0.000000	0.000000	0.000000	0.000000	0.000000	0.000000	0.000000	0.000000	0.000000	0.000000	0.000000	0.000000
41	Q	O	0.998916	0.000000	0.000014	0.001061	0.000000	0.000000	0.000000	0.000000	0.000000	0.000000	0.000000	0.000000	0.000000	0.000000	0.000000	0.000000	0.000000	0.000000
42	G	O	0.999167	0.000000	0.000009	0.000817	0.000000	0.000000	0.000000	0.000000	0.000000	0.000000	0.000000	0.000000	0.000000	0.000000	0.000000	0.000000	0.000000	0.000000
43	N	O	0.999366	0.000000	0.000006	0.000621	0.000000	0.000000	0.000000	0.000000	0.000000	0.000000	0.000000	0.000000	0.000000	0.000000	0.000000	0.000000	0.000000	0.000000
44	V	O	0.999509	0.000000	0.000004	0.000480	0.000000	0.000000	0.000000	0.000000	0.000000	0.000000	0.000000	0.000000	0.000000	0.000000	0.000000	0.000001	0.000000	0.000000
45	K	O	0.999624	0.000000	0.000003	0.000366	0.000000	0.000000	0.000000	0.000000	0.000000	0.000000	0.000000	0.000000	0.000000	0.000000	0.000000	0.000001	0.000000	0.000000
46	A	O	0.999723	0.000000	0.000002	0.000269	0.000000	0.000000	0.000000	0.000000	0.000000	0.000000	0.000000	0.000000	0.000000	0.000000	0.000000	0.000001	0.000000	0.000000
47	R	O	0.999801	0.000000	0.000001	0.000192	0.000001	0.000000	0.000000	0.000000	0.000000	0.000000	0.000000	0.000000	0.000000	0.000000	0.000000	0.000001	0.000000	0.000000
48	A	O	0.999852	0.000000	0.000001	0.000140	0.000001	0.000000	0.000000	0.000000	0.000000	0.000000	0.000000	0.000000	0.000000	0.000000	0.000000	0.000001	0.000000	0.000000
49	A	O	0.999888	0.000000	0.000001	0.000101	0.000002	0.000000	0.000000	0.000001	0.000000	0.000000	0.000000	0.000000	0.000000	0.000000	0.000000	0.000002	0.000000	0.000001
50	L	O	0.999914	0.000000	0.000000	0.000072	0.000002	0.000001	0.000000	0.000001	0.000000	0.000000	0.000000	0.000000	0.000000	0.000000	0.000000	0.000003	0.000001	0.000001
51	K	O	0.999933	0.000000	0.000000	0.000053	0.000004	0.000001	0.000000	0.000002	0.000000	0.000000	0.000000	0.000000	0.000000	0.000000	0.000000	0.000004	0.000001	0.000001
52	L	O	0.999941	0.000000	0.000000	0.000037	0.000006	0.000001	0.000000	0.000003	0.000000	0.000000	0.000000	0.000000	0.000000	0.000000	0.000000	0.000006	0.000001	0.000001
53	A	O	0.999943	0.000000	0.000000	0.000025	0.000010	0.000002	0.000000	0.000005	0.000001	0.000001	0.000000	0.000001	0.000000	0.000000	0.000000	0.000010	0.000001	0.000001
54	N	O	0.999930	0.000000	0.000000	0.000017	0.000015	0.000003	0.000000	0.000009	0.000002	0.000001	0.000001	0.000001	0.000000	0.000000	0.000000	0.000016	0.000001	0.000001
55	N	O	0.999901	0.000000	0.000000	0.000012	0.000024	0.000006	0.000001	0.000016	0.000003	0.000002	0.000001	0.000002	0.000001	0.000001	0.000000	0.000026	0.000002	0.000002
56	P	O	0.999848	0.000000	0.000000	0.000008	0.000036	0.000012	0.000001	0.000026	0.000005	0.000005	0.000001	0.000003	0.000001	0.000001	0.000000	0.000040	0.000004	0.000003
57	N	O	0.999771	0.000000	0.000000	0.000005	0.000052	0.000023	0.000001	0.000044	0.000007	0.000010	0.000002	0.000005	0.000002	0.000002	0.000001	0.000059	0.000008	0.000004
58	E	O	0.999659	0.000000	0.000000	0.000004	0.000067	0.000044	0.000002	0.000064	0.000010	0.000023	0.000004	0.000006	0.000002	0.000005	0.000001	0.000078	0.000022	0.000006
59	F	O	0.999509	0.000000	0.000000	0.000002	0.000074	0.000082	0.000005	0.000086	0.000012	0.000047	0.000007	0.000008	0.000003	0.000010	0.000002	0.000082	0.000054	0.000014
60	L	O	0.999355	0.000000	0.000000	0.000001	0.000079	0.000128	0.000007	0.000093	0.000017	0.000079	0.000015	0.000009	0.000003	0.000016	0.000002	0.000068	0.000094	0.000029
61	S	O	0.999161	0.000000	0.000000	0.000001	0.000093	0.000182	0.000015	0.000108	0.000013	0.000114	0.000030	0.000010	0.000003	0.000023	0.000005	0.000066	0.000114	0.000057
62	T	O	0.998970	0.000000	0.000000	0.000000	0.000089	0.000264	0.000022	0.000099	0.000012	0.000160	0.000054	0.000009	0.000002	0.000032	0.000006	0.000065	0.000125	0.000086
63	V	O	0.998800	0.000000	0.000000	0.000000	0.000066	0.000362	0.000031	0.000076	0.000012	0.000195	0.000091	0.000008	0.000002	0.000042	0.000008	0.000053	0.000136	0.000114
64	Q	O	0.998635	0.000000	0.000000	0.000000	0.000053	0.000449	0.000047	0.000070	0.000007	0.000193	0.000147	0.000007	0.000001	0.000052	0.000011	0.000046	0.000138	0.000137
65	I	O	0.998497	0.000000	0.000000	0.000000	0.000029	0.000503	0.000102	0.000043	0.000006	0.000205	0.000169	0.000004	0.000001	0.000062	0.000016	0.000038	0.000122	0.000199
66	G	O	0.998362	0.000000	0.000000	0.000000	0.000012	0.000531	0.000137	0.000033	0.000003	0.000170	0.000237	0.000002	0.000000	0.000072	0.000028	0.000035	0.000107	0.000263
67	I	O	0.998248	0.000000	0.000000	0.000000	0.000000	0.000450	0.000255	0.000019	0.000000	0.000148	0.000269	0.000000	0.000000	0.000079	0.000052	0.000019	0.000125	0.000335
68	T	O	0.998132	0.000000	0.000000	0.000000	0.000000	0.000311	0.000338	0.000000	0.000000	0.000098	0.000354	0.000000	0.000000	0.000079	0.000119	0.000000	0.000099	0.000469
69	L	O	0.998166	0.000000	0.000000	0.000000	0.000000	0.000000	0.000543	0.000000	0.000000	0.000000	0.000419	0.000000	0.000000	0.000000	0.000328	0.000000	0.000000	0.000544
70	I	O	0.999997	0.000000	0.000000	0.000000	0.000000	0.000000	0.000000	0.000000	0.000000	0.000000	0.000000	0.000000	0.000000	0.000000	0.000000	0.000000	0.000000	0.000000
