# Name=gene-SYNPCC7002_RS06815
# pos	aa	label	Other	Sec/SPI n	Sec/SPI h	Sec/SPI c	Sec/SPII n	Sec/SPII h	Sec/SPII cys	Tat/SPI n	Tat/SPI RR	Tat/SPI h	Tat/SPI c	Tat/SPII n	Tat/SPII RR	Tat/SPII h	Tat/SPII cys	Sec/SPIII P	Sec/SPIII cons.	Sec/SPIII h
1	F	O	0.889267	0.004208	0.000000	0.000000	0.003545	0.000000	0.000000	0.000004	0.000000	0.000000	0.000000	0.000000	0.000000	0.000000	0.000000	0.103000	0.000000	0.000000
2	Q	O	0.889273	0.003926	0.000282	0.000000	0.003199	0.000346	0.000000	0.000003	0.000000	0.000000	0.000000	0.000000	0.000000	0.000000	0.000000	0.099083	0.003917	0.000000
3	T	O	0.889273	0.003713	0.000448	0.000046	0.002878	0.000667	0.000000	0.000002	0.000000	0.000001	0.000000	0.000000	0.000000	0.000000	0.000000	0.094416	0.005991	0.002594
4	T	O	0.891286	0.003539	0.000558	0.000105	0.002586	0.000950	0.000010	0.000002	0.000000	0.000001	0.000000	0.000000	0.000000	0.000000	0.000000	0.088786	0.007632	0.004578
5	R	O	0.894877	0.003359	0.000681	0.000148	0.002292	0.001220	0.000024	0.000002	0.000000	0.000001	0.000001	0.000000	0.000000	0.000000	0.000000	0.082252	0.009062	0.006109
6	N	O	0.899783	0.003128	0.000868	0.000167	0.001938	0.001540	0.000033	0.000001	0.000000	0.000001	0.000001	0.000000	0.000000	0.000000	0.000000	0.073189	0.012462	0.006922
7	R	O	0.905454	0.002747	0.001226	0.000142	0.001497	0.001927	0.000054	0.000001	0.000000	0.000001	0.000001	0.000000	0.000000	0.000000	0.000000	0.056052	0.023802	0.007132
8	L	O	0.910539	0.001899	0.002063	0.000095	0.000743	0.002588	0.000094	0.000001	0.000000	0.000001	0.000001	0.000000	0.000000	0.000000	0.000000	0.024057	0.046331	0.011624
9	A	O	0.918289	0.001139	0.002811	0.000063	0.000332	0.002905	0.000093	0.000000	0.000000	0.000001	0.000001	0.000000	0.000000	0.000000	0.000000	0.007753	0.042628	0.024020
10	L	O	0.930644	0.000491	0.003450	0.000041	0.000106	0.002930	0.000202	0.000000	0.000000	0.000001	0.000001	0.000000	0.000000	0.000000	0.000000	0.001974	0.025254	0.034936
11	W	O	0.947053	0.000164	0.003766	0.000029	0.000030	0.002811	0.000195	0.000000	0.000000	0.000001	0.000001	0.000000	0.000000	0.000000	0.000000	0.000418	0.012721	0.032840
12	Y	O	0.957732	0.000049	0.003872	0.000022	0.000010	0.002553	0.000279	0.000000	0.000000	0.000001	0.000001	0.000000	0.000000	0.000000	0.000000	0.000080	0.004881	0.030552
13	T	O	0.964838	0.000012	0.003900	0.000019	0.000003	0.002234	0.000325	0.000000	0.000000	0.000001	0.000001	0.000000	0.000000	0.000000	0.000000	0.000016	0.001508	0.027174
14	A	O	0.969774	0.000003	0.003899	0.000019	0.000001	0.001882	0.000354	0.000000	0.000000	0.000000	0.000000	0.000000	0.000000	0.000000	0.000000	0.000003	0.000456	0.023636
15	I	O	0.973147	0.000001	0.003889	0.000021	0.000000	0.001510	0.000373	0.000000	0.000000	0.000000	0.000000	0.000000	0.000000	0.000000	0.000000	0.000000	0.000131	0.020954
16	T	O	0.975777	0.000000	0.003874	0.000026	0.000000	0.001197	0.000313	0.000000	0.000000	0.000000	0.000000	0.000000	0.000000	0.000000	0.000000	0.000000	0.000035	0.018806
17	A	O	0.977920	0.000000	0.003853	0.000033	0.000000	0.000942	0.000255	0.000000	0.000000	0.000000	0.000000	0.000000	0.000000	0.000000	0.000000	0.000000	0.000008	0.017016
18	V	O	0.979624	0.000000	0.003827	0.000042	0.000000	0.000730	0.000213	0.000000	0.000000	0.000000	0.000000	0.000000	0.000000	0.000000	0.000000	0.000000	0.000002	0.015581
19	L	O	0.981195	0.000000	0.003793	0.000056	0.000000	0.000563	0.000167	0.000000	0.000000	0.000000	0.000000	0.000000	0.000000	0.000000	0.000000	0.000000	0.000000	0.014247
20	L	O	0.982714	0.000000	0.003745	0.000078	0.000000	0.000434	0.000129	0.000000	0.000000	0.000000	0.000000	0.000000	0.000000	0.000000	0.000000	0.000000	0.000000	0.012920
21	L	O	0.984172	0.000000	0.003675	0.000114	0.000000	0.000335	0.000099	0.000000	0.000000	0.000000	0.000000	0.000000	0.000000	0.000000	0.000000	0.000000	0.000000	0.011623
22	V	O	0.985614	0.000000	0.003569	0.000178	0.000000	0.000260	0.000075	0.000000	0.000000	0.000000	0.000000	0.000000	0.000000	0.000000	0.000000	0.000000	0.000000	0.010318
23	F	O	0.987106	0.000000	0.003402	0.000292	0.000000	0.000200	0.000060	0.000000	0.000000	0.000000	0.000000	0.000000	0.000000	0.000000	0.000000	0.000000	0.000000	0.008959
24	A	O	0.988778	0.000000	0.003123	0.000502	0.000000	0.000150	0.000050	0.000000	0.000000	0.000000	0.000000	0.000000	0.000000	0.000000	0.000000	0.000000	0.000000	0.007410
25	T	O	0.990553	0.000000	0.002730	0.000791	0.000000	0.000107	0.000044	0.000000	0.000000	0.000000	0.000000	0.000000	0.000000	0.000000	0.000000	0.000000	0.000000	0.005789
26	G	O	0.992100	0.000000	0.002306	0.001068	0.000000	0.000077	0.000030	0.000000	0.000000	0.000000	0.000000	0.000000	0.000000	0.000000	0.000000	0.000000	0.000000	0.004430
27	V	O	0.993186	0.000000	0.001874	0.001319	0.000000	0.000047	0.000030	0.000000	0.000000	0.000000	0.000000	0.000000	0.000000	0.000000	0.000000	0.000000	0.000000	0.003552
28	Y	O	0.994341	0.000000	0.001476	0.001492	0.000000	0.000028	0.000018	0.000000	0.000000	0.000000	0.000000	0.000000	0.000000	0.000000	0.000000	0.000000	0.000000	0.002652
29	F	O	0.995387	0.000000	0.001154	0.001561	0.000000	0.000016	0.000012	0.000000	0.000000	0.000000	0.000000	0.000000	0.000000	0.000000	0.000000	0.000000	0.000000	0.001875
30	Y	O	0.996497	0.000000	0.000905	0.001465	0.000000	0.000007	0.000009	0.000000	0.000000	0.000000	0.000000	0.000000	0.000000	0.000000	0.000000	0.000000	0.000000	0.001119
31	V	O	0.997437	0.000000	0.000709	0.001283	0.000000	0.000003	0.000005	0.000000	0.000000	0.000000	0.000000	0.000000	0.000000	0.000000	0.000000	0.000000	0.000000	0.000568
32	R	O	0.998146	0.000000	0.000508	0.001143	0.000000	0.000001	0.000002	0.000000	0.000000	0.000000	0.000000	0.000000	0.000000	0.000000	0.000000	0.000000	0.000000	0.000205
33	Y	O	0.998590	0.000000	0.000360	0.000992	0.000000	0.000000	0.000001	0.000000	0.000000	0.000000	0.000000	0.000000	0.000000	0.000000	0.000000	0.000000	0.000000	0.000058
34	T	O	0.998924	0.000000	0.000261	0.000804	0.000000	0.000000	0.000000	0.000000	0.000000	0.000000	0.000000	0.000000	0.000000	0.000000	0.000000	0.000001	0.000000	0.000015
35	L	O	0.999167	0.000000	0.000185	0.000650	0.000000	0.000000	0.000000	0.000000	0.000000	0.000000	0.000000	0.000000	0.000000	0.000000	0.000000	0.000001	0.000000	0.000004
36	I	O	0.999367	0.000000	0.000129	0.000505	0.000000	0.000000	0.000000	0.000000	0.000000	0.000000	0.000000	0.000000	0.000000	0.000000	0.000000	0.000001	0.000000	0.000001
37	E	O	0.999532	0.000000	0.000087	0.000383	0.000000	0.000000	0.000000	0.000000	0.000000	0.000000	0.000000	0.000000	0.000000	0.000000	0.000000	0.000001	0.000000	0.000001
38	R	O	0.999659	0.000000	0.000061	0.000280	0.000000	0.000000	0.000000	0.000000	0.000000	0.000000	0.000000	0.000000	0.000000	0.000000	0.000000	0.000001	0.000000	0.000001
39	I	O	0.999746	0.000000	0.000043	0.000211	0.000000	0.000000	0.000000	0.000000	0.000000	0.000000	0.000000	0.000000	0.000000	0.000000	0.000000	0.000001	0.000001	0.000001
40	D	O	0.999812	0.000000	0.000030	0.000160	0.000000	0.000000	0.000000	0.000000	0.000000	0.000000	0.000000	0.000000	0.000000	0.000000	0.000000	0.000001	0.000001	0.000001
41	D	O	0.999857	0.000000	0.000021	0.000122	0.000000	0.000000	0.000000	0.000000	0.000000	0.000000	0.000000	0.000000	0.000000	0.000000	0.000000	0.000001	0.000001	0.000001
42	T	O	0.999892	0.000000	0.000015	0.000095	0.000000	0.000000	0.000000	0.000000	0.000000	0.000000	0.000000	0.000000	0.000000	0.000000	0.000000	0.000001	0.000001	0.000001
43	L	O	0.999917	0.000000	0.000011	0.000074	0.000000	0.000000	0.000000	0.000000	0.000000	0.000000	0.000000	0.000000	0.000000	0.000000	0.000000	0.000001	0.000001	0.000001
44	K	O	0.999935	0.000000	0.000007	0.000058	0.000000	0.000000	0.000000	0.000000	0.000000	0.000000	0.000000	0.000000	0.000000	0.000000	0.000000	0.000001	0.000001	0.000001
45	H	O	0.999947	0.000000	0.000005	0.000047	0.000000	0.000000	0.000000	0.000000	0.000000	0.000000	0.000000	0.000000	0.000000	0.000000	0.000000	0.000002	0.000001	0.000001
46	V	O	0.999959	0.000000	0.000004	0.000037	0.000000	0.000000	0.000000	0.000000	0.000000	0.000000	0.000000	0.000000	0.000000	0.000000	0.000000	0.000002	0.000001	0.000001
47	V	O	0.999968	0.000000	0.000002	0.000029	0.000000	0.000001	0.000000	0.000001	0.000000	0.000000	0.000001	0.000000	0.000000	0.000000	0.000000	0.000002	0.000001	0.000001
48	E	O	0.999974	0.000000	0.000002	0.000023	0.000000	0.000001	0.000000	0.000001	0.000000	0.000001	0.000001	0.000000	0.000000	0.000000	0.000000	0.000002	0.000001	0.000001
49	V	O	0.999980	0.000000	0.000001	0.000018	0.000000	0.000001	0.000000	0.000001	0.000000	0.000001	0.000001	0.000000	0.000000	0.000000	0.000000	0.000002	0.000001	0.000001
50	V	O	0.999980	0.000000	0.000001	0.000014	0.000000	0.000001	0.000000	0.000001	0.000000	0.000001	0.000001	0.000000	0.000000	0.000000	0.000000	0.000003	0.000001	0.000002
51	E	O	0.999984	0.000000	0.000000	0.000010	0.000001	0.000001	0.000000	0.000001	0.000000	0.000001	0.000001	0.000000	0.000000	0.000000	0.000000	0.000003	0.000001	0.000002
52	R	O	0.999984	0.000000	0.000000	0.000008	0.000001	0.000001	0.000001	0.000002	0.000000	0.000001	0.000002	0.000000	0.000000	0.000000	0.000000	0.000003	0.000001	0.000002
53	S	O	0.999985	0.000000	0.000000	0.000006	0.000001	0.000001	0.000001	0.000002	0.000000	0.000001	0.000002	0.000000	0.000000	0.000000	0.000000	0.000004	0.000002	0.000002
54	L	O	0.999984	0.000000	0.000000	0.000004	0.000001	0.000001	0.000001	0.000002	0.000000	0.000002	0.000003	0.000000	0.000000	0.000000	0.000000	0.000004	0.000002	0.000002
55	I	O	0.999980	0.000000	0.000000	0.000003	0.000001	0.000001	0.000001	0.000003	0.000000	0.000002	0.000003	0.000000	0.000000	0.000000	0.000000	0.000005	0.000002	0.000002
56	I	O	0.999978	0.000000	0.000000	0.000002	0.000001	0.000002	0.000001	0.000004	0.000000	0.000003	0.000004	0.000000	0.000000	0.000000	0.000000	0.000006	0.000002	0.000003
57	E	O	0.999974	0.000000	0.000000	0.000002	0.000001	0.000002	0.000001	0.000005	0.000001	0.000003	0.000005	0.000000	0.000000	0.000000	0.000000	0.000008	0.000003	0.000003
58	P	O	0.999969	0.000000	0.000000	0.000001	0.000001	0.000002	0.000001	0.000006	0.000001	0.000004	0.000006	0.000000	0.000000	0.000000	0.000001	0.000009	0.000003	0.000004
59	D	O	0.999956	0.000000	0.000000	0.000001	0.000001	0.000002	0.000001	0.000008	0.000001	0.000006	0.000007	0.000000	0.000000	0.000001	0.000001	0.000012	0.000004	0.000005
60	D	O	0.999942	0.000000	0.000000	0.000000	0.000002	0.000003	0.000002	0.000011	0.000001	0.000007	0.000010	0.000000	0.000000	0.000001	0.000001	0.000014	0.000005	0.000006
61	P	O	0.999922	0.000000	0.000000	0.000000	0.000002	0.000003	0.000002	0.000014	0.000002	0.000010	0.000013	0.000000	0.000000	0.000001	0.000001	0.000017	0.000007	0.000007
62	V	O	0.999903	0.000000	0.000000	0.000000	0.000002	0.000004	0.000002	0.000017	0.000002	0.000014	0.000017	0.000000	0.000000	0.000001	0.000002	0.000019	0.000009	0.000010
63	G	O	0.999878	0.000000	0.000000	0.000000	0.000002	0.000005	0.000003	0.000020	0.000002	0.000019	0.000023	0.000001	0.000000	0.000002	0.000003	0.000022	0.000011	0.000012
64	Y	O	0.999853	0.000000	0.000000	0.000000	0.000002	0.000006	0.000004	0.000021	0.000002	0.000025	0.000031	0.000001	0.000000	0.000003	0.000004	0.000025	0.000013	0.000015
65	H	O	0.999822	0.000000	0.000000	0.000000	0.000002	0.000007	0.000004	0.000021	0.000002	0.000033	0.000041	0.000000	0.000000	0.000004	0.000005	0.000026	0.000017	0.000018
66	I	O	0.999795	0.000000	0.000000	0.000000	0.000001	0.000008	0.000006	0.000018	0.000001	0.000041	0.000055	0.000000	0.000000	0.000005	0.000008	0.000023	0.000023	0.000024
67	N	O	0.999774	0.000000	0.000000	0.000000	0.000000	0.000008	0.000007	0.000010	0.000000	0.000041	0.000077	0.000000	0.000000	0.000006	0.000011	0.000015	0.000026	0.000032
68	L	O	0.999779	0.000000	0.000000	0.000000	0.000000	0.000006	0.000009	0.000000	0.000000	0.000030	0.000092	0.000000	0.000000	0.000006	0.000015	0.000000	0.000026	0.000040
69	E	O	0.999821	0.000000	0.000000	0.000000	0.000000	0.000000	0.000016	0.000000	0.000000	0.000000	0.000093	0.000000	0.000000	0.000000	0.000025	0.000000	0.000000	0.000050
70	A	O	1.000000	0.000000	0.000000	0.000000	0.000000	0.000000	0.000000	0.000000	0.000000	0.000000	0.000000	0.000000	0.000000	0.000000	0.000000	0.000000	0.000000	0.000000
