# Name=gene-SYNPCC7002_RS07410
# pos	aa	label	Other	Sec/SPI n	Sec/SPI h	Sec/SPI c	Sec/SPII n	Sec/SPII h	Sec/SPII cys	Tat/SPI n	Tat/SPI RR	Tat/SPI h	Tat/SPI c	Tat/SPII n	Tat/SPII RR	Tat/SPII h	Tat/SPII cys	Sec/SPIII P	Sec/SPIII cons.	Sec/SPIII h
1	M	O	0.577939	0.413842	0.000000	0.000000	0.007916	0.000000	0.000000	0.000002	0.000000	0.000000	0.000000	0.000001	0.000000	0.000000	0.000000	0.000303	0.000000	0.000000
2	N	O	0.577942	0.387554	0.026287	0.000000	0.007278	0.000638	0.000000	0.000002	0.000000	0.000000	0.000000	0.000001	0.000000	0.000000	0.000000	0.000273	0.000030	0.000000
3	K	O	0.577940	0.337843	0.075949	0.000049	0.006272	0.001645	0.000000	0.000002	0.000000	0.000000	0.000000	0.000001	0.000000	0.000000	0.000000	0.000237	0.000050	0.000016
4	K	O	0.577972	0.260756	0.152972	0.000094	0.004706	0.003208	0.000002	0.000001	0.000000	0.000001	0.000000	0.000001	0.000000	0.000000	0.000000	0.000176	0.000093	0.000021
5	L	O	0.578038	0.075397	0.338299	0.000071	0.001546	0.006364	0.000005	0.000001	0.000000	0.000001	0.000000	0.000000	0.000000	0.000001	0.000000	0.000069	0.000166	0.000045
6	V	O	0.578093	0.022445	0.391152	0.000135	0.000513	0.007390	0.000008	0.000001	0.000000	0.000002	0.000000	0.000000	0.000000	0.000001	0.000000	0.000024	0.000132	0.000109
7	G	O	0.578204	0.009941	0.403427	0.000303	0.000223	0.007661	0.000019	0.000000	0.000000	0.000002	0.000000	0.000000	0.000000	0.000001	0.000000	0.000009	0.000088	0.000123
8	N	O	0.578405	0.004293	0.408843	0.000394	0.000099	0.007738	0.000046	0.000000	0.000000	0.000002	0.000000	0.000000	0.000000	0.000001	0.000000	0.000003	0.000050	0.000126
9	C	O	0.578725	0.000978	0.412027	0.000287	0.000031	0.007747	0.000059	0.000000	0.000000	0.000002	0.000000	0.000000	0.000000	0.000001	0.000000	0.000001	0.000027	0.000115
10	L	O	0.578973	0.000229	0.412581	0.000319	0.000011	0.007721	0.000047	0.000000	0.000000	0.000002	0.000000	0.000000	0.000000	0.000001	0.000000	0.000000	0.000013	0.000102
11	M	O	0.579198	0.000058	0.412395	0.000518	0.000004	0.007668	0.000060	0.000000	0.000000	0.000002	0.000000	0.000000	0.000000	0.000001	0.000000	0.000000	0.000006	0.000091
12	I	O	0.579494	0.000015	0.411798	0.000939	0.000002	0.007582	0.000089	0.000000	0.000000	0.000002	0.000000	0.000000	0.000000	0.000001	0.000000	0.000000	0.000002	0.000079
13	A	O	0.579950	0.000004	0.410612	0.001779	0.000001	0.007460	0.000123	0.000000	0.000000	0.000002	0.000000	0.000000	0.000000	0.000001	0.000000	0.000000	0.000001	0.000065
14	G	O	0.580664	0.000001	0.408547	0.003276	0.000000	0.007318	0.000143	0.000000	0.000000	0.000002	0.000000	0.000000	0.000000	0.000001	0.000000	0.000000	0.000000	0.000052
15	A	O	0.581653	0.000000	0.404700	0.006285	0.000000	0.007132	0.000186	0.000000	0.000000	0.000002	0.000000	0.000000	0.000000	0.000001	0.000000	0.000000	0.000000	0.000042
16	I	O	0.583223	0.000000	0.398116	0.011492	0.000000	0.006948	0.000184	0.000000	0.000000	0.000002	0.000000	0.000000	0.000000	0.000001	0.000000	0.000000	0.000000	0.000033
17	A	O	0.585067	0.000000	0.383630	0.024324	0.000000	0.006751	0.000197	0.000000	0.000000	0.000002	0.000000	0.000000	0.000000	0.000001	0.000000	0.000000	0.000000	0.000025
18	L	O	0.587639	0.000000	0.356806	0.048779	0.000000	0.006390	0.000362	0.000000	0.000000	0.000001	0.000000	0.000000	0.000000	0.000001	0.000000	0.000000	0.000000	0.000020
19	G	O	0.590723	0.000000	0.311290	0.091576	0.000000	0.005932	0.000458	0.000000	0.000000	0.000001	0.000000	0.000000	0.000000	0.000001	0.000000	0.000000	0.000000	0.000016
20	G	O	0.596521	0.000000	0.255670	0.141856	0.000000	0.005055	0.000876	0.000000	0.000000	0.000001	0.000000	0.000000	0.000000	0.000000	0.000000	0.000000	0.000000	0.000013
21	I	O	0.605902	0.000000	0.207359	0.181668	0.000000	0.003824	0.001231	0.000000	0.000000	0.000001	0.000001	0.000000	0.000000	0.000000	0.000000	0.000000	0.000000	0.000011
22	G	O	0.615637	0.000000	0.149673	0.230848	0.000000	0.003094	0.000730	0.000000	0.000000	0.000001	0.000001	0.000000	0.000000	0.000000	0.000000	0.000000	0.000000	0.000009
23	I	O	0.630852	0.000000	0.106761	0.259280	0.000000	0.001546	0.001548	0.000000	0.000000	0.000001	0.000001	0.000000	0.000000	0.000000	0.000000	0.000000	0.000000	0.000007
24	S	O	0.653418	0.000000	0.066591	0.278432	0.000000	0.000816	0.000730	0.000000	0.000000	0.000000	0.000001	0.000000	0.000000	0.000000	0.000000	0.000000	0.000000	0.000004
25	R	O	0.681980	0.000000	0.041506	0.275687	0.000000	0.000253	0.000563	0.000000	0.000000	0.000000	0.000001	0.000000	0.000000	0.000000	0.000000	0.000000	0.000000	0.000002
26	Q	O	0.720745	0.000000	0.031604	0.247390	0.000000	0.000115	0.000138	0.000000	0.000000	0.000000	0.000001	0.000000	0.000000	0.000000	0.000000	0.000000	0.000000	0.000001
27	L	O	0.750546	0.000000	0.023502	0.225828	0.000000	0.000060	0.000055	0.000000	0.000000	0.000000	0.000001	0.000000	0.000000	0.000000	0.000000	0.000000	0.000000	0.000000
28	P	O	0.772151	0.000000	0.012807	0.214972	0.000000	0.000040	0.000020	0.000000	0.000000	0.000000	0.000001	0.000000	0.000000	0.000000	0.000000	0.000000	0.000000	0.000000
29	P	O	0.795963	0.000000	0.005973	0.198013	0.000000	0.000026	0.000014	0.000000	0.000000	0.000000	0.000001	0.000000	0.000000	0.000000	0.000000	0.000000	0.000000	0.000000
30	A	O	0.828694	0.000000	0.003018	0.168253	0.000000	0.000017	0.000010	0.000000	0.000000	0.000000	0.000000	0.000000	0.000000	0.000000	0.000000	0.000000	0.000000	0.000000
31	T	O	0.865992	0.000000	0.001537	0.132444	0.000000	0.000010	0.000007	0.000000	0.000000	0.000000	0.000000	0.000000	0.000000	0.000000	0.000000	0.000000	0.000000	0.000000
32	S	O	0.896728	0.000000	0.000651	0.102601	0.000000	0.000006	0.000004	0.000000	0.000000	0.000000	0.000000	0.000000	0.000000	0.000000	0.000000	0.000000	0.000000	0.000000
33	Q	O	0.941127	0.000000	0.000442	0.058418	0.000000	0.000003	0.000003	0.000000	0.000000	0.000000	0.000000	0.000000	0.000000	0.000000	0.000000	0.000000	0.000000	0.000000
34	G	O	0.958193	0.000000	0.000260	0.041533	0.000000	0.000003	0.000001	0.000000	0.000000	0.000000	0.000000	0.000000	0.000000	0.000000	0.000000	0.000001	0.000000	0.000000
35	V	O	0.973550	0.000000	0.000183	0.026256	0.000000	0.000002	0.000001	0.000000	0.000000	0.000000	0.000000	0.000000	0.000000	0.000000	0.000000	0.000001	0.000000	0.000000
36	C	O	0.981268	0.000000	0.000116	0.018603	0.000001	0.000001	0.000001	0.000000	0.000000	0.000000	0.000000	0.000000	0.000000	0.000000	0.000000	0.000001	0.000000	0.000000
37	R	O	0.987763	0.000000	0.000082	0.012141	0.000001	0.000001	0.000001	0.000000	0.000000	0.000000	0.000000	0.000000	0.000000	0.000000	0.000000	0.000001	0.000000	0.000001
38	N	O	0.991563	0.000000	0.000059	0.008361	0.000001	0.000001	0.000001	0.000001	0.000000	0.000000	0.000000	0.000000	0.000000	0.000000	0.000000	0.000002	0.000001	0.000001
39	T	O	0.993662	0.000000	0.000042	0.006276	0.000002	0.000002	0.000001	0.000001	0.000000	0.000001	0.000000	0.000000	0.000000	0.000000	0.000000	0.000002	0.000001	0.000001
40	N	O	0.994849	0.000000	0.000028	0.005098	0.000002	0.000003	0.000001	0.000001	0.000000	0.000001	0.000001	0.000000	0.000000	0.000000	0.000000	0.000003	0.000001	0.000001
41	D	O	0.995738	0.000000	0.000018	0.004219	0.000003	0.000004	0.000002	0.000002	0.000000	0.000001	0.000001	0.000000	0.000000	0.000000	0.000000	0.000005	0.000002	0.000002
42	L	O	0.996500	0.000000	0.000011	0.003459	0.000003	0.000005	0.000002	0.000002	0.000000	0.000002	0.000002	0.000000	0.000000	0.000000	0.000000	0.000006	0.000002	0.000002
43	S	O	0.997163	0.000000	0.000007	0.002794	0.000004	0.000006	0.000003	0.000003	0.000000	0.000002	0.000003	0.000000	0.000000	0.000000	0.000000	0.000007	0.000003	0.000003
44	A	O	0.997792	0.000000	0.000004	0.002156	0.000004	0.000007	0.000004	0.000004	0.000000	0.000002	0.000004	0.000000	0.000000	0.000000	0.000000	0.000008	0.000003	0.000003
45	V	O	0.998385	0.000000	0.000003	0.001560	0.000005	0.000007	0.000004	0.000004	0.000000	0.000003	0.000004	0.000000	0.000000	0.000000	0.000000	0.000009	0.000004	0.000004
46	D	O	0.998826	0.000000	0.000002	0.001114	0.000006	0.000008	0.000005	0.000005	0.000001	0.000003	0.000005	0.000000	0.000000	0.000000	0.000000	0.000011	0.000005	0.000005
47	A	O	0.999161	0.000000	0.000001	0.000766	0.000007	0.000009	0.000005	0.000006	0.000001	0.000004	0.000006	0.000000	0.000000	0.000000	0.000001	0.000013	0.000005	0.000006
48	T	O	0.999394	0.000000	0.000001	0.000523	0.000008	0.000011	0.000006	0.000008	0.000001	0.000006	0.000006	0.000000	0.000000	0.000001	0.000001	0.000016	0.000006	0.000007
49	R	O	0.999517	0.000000	0.000001	0.000381	0.000010	0.000014	0.000007	0.000010	0.000001	0.000007	0.000009	0.000000	0.000000	0.000001	0.000001	0.000020	0.000007	0.000009
50	I	O	0.999593	0.000000	0.000000	0.000278	0.000013	0.000018	0.000009	0.000014	0.000002	0.000010	0.000012	0.000000	0.000000	0.000001	0.000001	0.000025	0.000010	0.000010
51	V	O	0.999636	0.000000	0.000000	0.000203	0.000016	0.000022	0.000011	0.000018	0.000002	0.000013	0.000017	0.000001	0.000000	0.000001	0.000002	0.000031	0.000012	0.000013
52	K	O	0.999642	0.000000	0.000000	0.000149	0.000019	0.000027	0.000014	0.000024	0.000003	0.000016	0.000023	0.000001	0.000000	0.000002	0.000002	0.000040	0.000015	0.000016
53	F	O	0.999638	0.000000	0.000000	0.000108	0.000022	0.000033	0.000017	0.000031	0.000004	0.000021	0.000028	0.000001	0.000000	0.000002	0.000003	0.000049	0.000020	0.000020
54	E	O	0.999605	0.000000	0.000000	0.000077	0.000026	0.000041	0.000021	0.000040	0.000005	0.000028	0.000036	0.000001	0.000000	0.000003	0.000004	0.000059	0.000025	0.000026
55	Q	O	0.999547	0.000000	0.000000	0.000055	0.000031	0.000049	0.000027	0.000052	0.000006	0.000036	0.000048	0.000002	0.000001	0.000004	0.000006	0.000072	0.000031	0.000032
56	F	O	0.999473	0.000000	0.000000	0.000038	0.000035	0.000060	0.000032	0.000068	0.000007	0.000049	0.000059	0.000002	0.000001	0.000005	0.000007	0.000084	0.000039	0.000040
57	G	O	0.999375	0.000000	0.000000	0.000026	0.000038	0.000072	0.000038	0.000086	0.000009	0.000065	0.000077	0.000003	0.000001	0.000007	0.000010	0.000100	0.000046	0.000051
58	I	O	0.999252	0.000000	0.000000	0.000017	0.000043	0.000085	0.000046	0.000103	0.000012	0.000086	0.000098	0.000003	0.000001	0.000009	0.000013	0.000116	0.000056	0.000060
59	Q	O	0.999086	0.000000	0.000000	0.000011	0.000049	0.000098	0.000058	0.000129	0.000015	0.000105	0.000134	0.000004	0.000001	0.000012	0.000018	0.000142	0.000064	0.000076
60	L	O	0.998903	0.000000	0.000000	0.000007	0.000054	0.000112	0.000068	0.000159	0.000016	0.000136	0.000167	0.000005	0.000001	0.000015	0.000023	0.000169	0.000079	0.000087
61	E	O	0.998662	0.000000	0.000000	0.000004	0.000059	0.000130	0.000080	0.000194	0.000020	0.000175	0.000211	0.000006	0.000001	0.000019	0.000030	0.000205	0.000094	0.000108
62	I	O	0.998351	0.000000	0.000000	0.000003	0.000063	0.000151	0.000097	0.000231	0.000024	0.000228	0.000283	0.000007	0.000002	0.000025	0.000041	0.000245	0.000120	0.000131
63	P	O	0.997946	0.000000	0.000000	0.000002	0.000065	0.000179	0.000114	0.000280	0.000027	0.000277	0.000398	0.000008	0.000002	0.000034	0.000056	0.000292	0.000152	0.000166
64	R	O	0.997447	0.000000	0.000000	0.000001	0.000065	0.000204	0.000154	0.000317	0.000033	0.000356	0.000539	0.000008	0.000002	0.000047	0.000079	0.000341	0.000193	0.000212
65	N	O	0.996871	0.000000	0.000000	0.000001	0.000051	0.000239	0.000189	0.000344	0.000022	0.000481	0.000723	0.000007	0.000001	0.000065	0.000114	0.000357	0.000262	0.000276
66	F	O	0.996249	0.000000	0.000000	0.000000	0.000025	0.000267	0.000242	0.000278	0.000012	0.000608	0.001023	0.000004	0.000000	0.000086	0.000173	0.000312	0.000339	0.000380
67	R	O	0.995823	0.000000	0.000000	0.000000	0.000000	0.000253	0.000319	0.000156	0.000000	0.000587	0.001443	0.000000	0.000000	0.000101	0.000246	0.000190	0.000387	0.000496
68	T	O	0.995830	0.000000	0.000000	0.000000	0.000000	0.000170	0.000394	0.000000	0.000000	0.000450	0.001708	0.000000	0.000000	0.000096	0.000361	0.000000	0.000344	0.000641
69	M	O	0.996549	0.000000	0.000000	0.000000	0.000000	0.000000	0.000508	0.000000	0.000000	0.000000	0.001717	0.000000	0.000000	0.000000	0.000541	0.000000	0.000000	0.000684
70	L	O	0.999997	0.000000	0.000000	0.000000	0.000000	0.000000	0.000000	0.000000	0.000000	0.000000	0.000000	0.000000	0.000000	0.000000	0.000000	0.000000	0.000000	0.000000
