# Name=gene-SYNPCC7002_RS15715
# pos	aa	label	Other	Sec/SPI n	Sec/SPI h	Sec/SPI c	Sec/SPII n	Sec/SPII h	Sec/SPII cys	Tat/SPI n	Tat/SPI RR	Tat/SPI h	Tat/SPI c	Tat/SPII n	Tat/SPII RR	Tat/SPII h	Tat/SPII cys	Sec/SPIII P	Sec/SPIII cons.	Sec/SPIII h
1	H	N	0.119759	0.879284	0.000000	0.000000	0.000893	0.000000	0.000000	0.000005	0.000000	0.000000	0.000000	0.000000	0.000000	0.000000	0.000000	0.000018	0.000000	0.000000
2	Y	N	0.119758	0.757586	0.121705	0.000000	0.000658	0.000235	0.000000	0.000003	0.000001	0.000001	0.000000	0.000000	0.000000	0.000000	0.000000	0.000013	0.000005	0.000000
3	W	N	0.119759	0.615894	0.263373	0.000024	0.000434	0.000459	0.000000	0.000003	0.000001	0.000001	0.000000	0.000000	0.000000	0.000000	0.000000	0.000008	0.000009	0.000002
4	Y	N	0.119770	0.475824	0.403408	0.000055	0.000286	0.000605	0.000002	0.000002	0.000001	0.000002	0.000000	0.000000	0.000000	0.000000	0.000000	0.000004	0.000009	0.000003
5	R	N	0.119799	0.337814	0.541373	0.000071	0.000184	0.000700	0.000006	0.000001	0.000001	0.000002	0.000000	0.000000	0.000000	0.000000	0.000000	0.000002	0.000008	0.000005
6	L	H	0.119852	0.067601	0.811575	0.000040	0.000049	0.000827	0.000008	0.000001	0.000000	0.000003	0.000000	0.000000	0.000000	0.000000	0.000000	0.000001	0.000005	0.000008
7	L	H	0.119882	0.013303	0.865831	0.000059	0.000015	0.000853	0.000009	0.000001	0.000000	0.000003	0.000000	0.000000	0.000000	0.000000	0.000000	0.000000	0.000003	0.000009
8	G	H	0.119917	0.004062	0.874975	0.000129	0.000005	0.000850	0.000013	0.000001	0.000000	0.000003	0.000000	0.000000	0.000000	0.000000	0.000000	0.000000	0.000001	0.000009
9	F	H	0.119980	0.001210	0.877709	0.000201	0.000002	0.000830	0.000024	0.000001	0.000000	0.000004	0.000000	0.000000	0.000000	0.000000	0.000000	0.000000	0.000001	0.000008
10	T	H	0.120068	0.000341	0.878386	0.000329	0.000001	0.000803	0.000028	0.000001	0.000000	0.000004	0.000000	0.000000	0.000000	0.000000	0.000000	0.000000	0.000000	0.000008
11	G	H	0.120186	0.000105	0.878306	0.000559	0.000000	0.000767	0.000037	0.000000	0.000000	0.000004	0.000000	0.000000	0.000000	0.000000	0.000000	0.000000	0.000000	0.000006
12	G	H	0.120351	0.000034	0.877863	0.000942	0.000000	0.000715	0.000052	0.000000	0.000000	0.000004	0.000000	0.000000	0.000000	0.000000	0.000000	0.000000	0.000000	0.000005
13	V	H	0.120599	0.000011	0.877120	0.001518	0.000000	0.000660	0.000055	0.000000	0.000000	0.000004	0.000000	0.000000	0.000000	0.000000	0.000000	0.000000	0.000000	0.000004
14	A	H	0.120871	0.000004	0.875656	0.002774	0.000000	0.000610	0.000050	0.000000	0.000000	0.000004	0.000000	0.000000	0.000000	0.000000	0.000000	0.000000	0.000000	0.000004
15	L	H	0.121237	0.000001	0.873074	0.005040	0.000000	0.000553	0.000057	0.000000	0.000000	0.000004	0.000000	0.000000	0.000000	0.000000	0.000000	0.000000	0.000000	0.000003
16	F	H	0.121590	0.000000	0.865857	0.011962	0.000000	0.000505	0.000048	0.000000	0.000000	0.000004	0.000000	0.000000	0.000000	0.000000	0.000000	0.000000	0.000000	0.000002
17	W	H	0.121928	0.000000	0.845658	0.031874	0.000000	0.000433	0.000072	0.000000	0.000000	0.000004	0.000000	0.000000	0.000000	0.000000	0.000000	0.000000	0.000000	0.000002
18	A	H	0.122485	0.000000	0.804854	0.072196	0.000000	0.000309	0.000124	0.000000	0.000000	0.000004	0.000000	0.000000	0.000000	0.000000	0.000000	0.000000	0.000000	0.000002
19	A	H	0.123518	0.000000	0.728925	0.147214	0.000000	0.000206	0.000103	0.000000	0.000000	0.000004	0.000001	0.000000	0.000000	0.000000	0.000000	0.000000	0.000000	0.000001
20	Q	H	0.124711	0.000000	0.590945	0.284104	0.000000	0.000120	0.000085	0.000000	0.000000	0.000003	0.000001	0.000000	0.000000	0.000000	0.000000	0.000000	0.000000	0.000001
21	E	H	0.126683	0.000000	0.461269	0.411895	0.000000	0.000084	0.000036	0.000000	0.000000	0.000003	0.000001	0.000000	0.000000	0.000000	0.000000	0.000000	0.000000	0.000000
22	L	H	0.129490	0.000000	0.353765	0.516629	0.000000	0.000059	0.000025	0.000000	0.000000	0.000002	0.000002	0.000000	0.000000	0.000000	0.000000	0.000000	0.000000	0.000000
23	S	C	0.131573	0.000000	0.141531	0.726803	0.000000	0.000048	0.000011	0.000000	0.000000	0.000001	0.000003	0.000000	0.000000	0.000000	0.000000	0.000000	0.000000	0.000000
24	A	C	0.136244	0.000000	0.027582	0.836092	0.000000	0.000035	0.000013	0.000000	0.000000	0.000001	0.000004	0.000000	0.000000	0.000000	0.000000	0.000000	0.000000	0.000000
25	V	C	0.171834	0.000000	0.011207	0.816893	0.000000	0.000014	0.000021	0.000000	0.000000	0.000000	0.000003	0.000000	0.000000	0.000000	0.000000	0.000000	0.000000	0.000000
26	A	C	0.217523	0.000000	0.002584	0.779847	0.000000	0.000006	0.000008	0.000000	0.000000	0.000000	0.000003	0.000000	0.000000	0.000000	0.000000	0.000000	0.000000	0.000000
27	A	O	0.474149	0.000000	0.001793	0.524020	0.000000	0.000002	0.000004	0.000000	0.000000	0.000000	0.000002	0.000000	0.000000	0.000000	0.000000	0.000000	0.000000	0.000000
28	S	O	0.635444	0.000000	0.001345	0.363178	0.000000	0.000001	0.000001	0.000000	0.000000	0.000000	0.000001	0.000000	0.000000	0.000000	0.000000	0.000000	0.000000	0.000000
29	P	O	0.699216	0.000000	0.000891	0.299868	0.000000	0.000001	0.000000	0.000000	0.000000	0.000000	0.000001	0.000000	0.000000	0.000000	0.000000	0.000000	0.000000	0.000000
30	Q	O	0.742646	0.000000	0.000566	0.256761	0.000000	0.000000	0.000000	0.000000	0.000000	0.000000	0.000000	0.000000	0.000000	0.000000	0.000000	0.000000	0.000000	0.000000
31	P	O	0.775726	0.000000	0.000329	0.223923	0.000000	0.000000	0.000000	0.000000	0.000000	0.000000	0.000000	0.000000	0.000000	0.000000	0.000000	0.000000	0.000000	0.000000
32	S	O	0.809897	0.000000	0.000188	0.189887	0.000000	0.000000	0.000000	0.000000	0.000000	0.000000	0.000000	0.000000	0.000000	0.000000	0.000000	0.000000	0.000000	0.000000
33	D	O	0.841497	0.000000	0.000101	0.158375	0.000000	0.000000	0.000000	0.000000	0.000000	0.000000	0.000000	0.000000	0.000000	0.000000	0.000000	0.000000	0.000000	0.000000
34	A	O	0.876041	0.000000	0.000057	0.123877	0.000000	0.000000	0.000000	0.000000	0.000000	0.000000	0.000000	0.000000	0.000000	0.000000	0.000000	0.000000	0.000000	0.000000
35	T	O	0.910576	0.000000	0.000035	0.089363	0.000000	0.000000	0.000000	0.000000	0.000000	0.000000	0.000000	0.000000	0.000000	0.000000	0.000000	0.000000	0.000000	0.000000
36	A	O	0.936657	0.000000	0.000021	0.063298	0.000000	0.000000	0.000000	0.000000	0.000000	0.000000	0.000000	0.000000	0.000000	0.000000	0.000000	0.000000	0.000000	0.000000
37	V	O	0.958794	0.000000	0.000014	0.041172	0.000000	0.000000	0.000000	0.000000	0.000000	0.000000	0.000000	0.000000	0.000000	0.000000	0.000000	0.000000	0.000000	0.000000
38	S	O	0.972838	0.000000	0.000009	0.027129	0.000000	0.000000	0.000000	0.000000	0.000000	0.000000	0.000000	0.000000	0.000000	0.000000	0.000000	0.000000	0.000000	0.000000
39	A	O	0.982498	0.000000	0.000006	0.017473	0.000000	0.000000	0.000000	0.000000	0.000000	0.000000	0.000000	0.000000	0.000000	0.000000	0.000000	0.000000	0.000000	0.000000
40	P	O	0.989001	0.000000	0.000004	0.010974	0.000000	0.000000	0.000000	0.000000	0.000000	0.000000	0.000000	0.000000	0.000000	0.000000	0.000000	0.000000	0.000000	0.000000
41	M	O	0.992789	0.000000	0.000003	0.007189	0.000000	0.000000	0.000000	0.000000	0.000000	0.000000	0.000000	0.000000	0.000000	0.000000	0.000000	0.000000	0.000000	0.000000
42	T	O	0.995008	0.000000	0.000002	0.004973	0.000000	0.000000	0.000000	0.000000	0.000000	0.000000	0.000000	0.000000	0.000000	0.000000	0.000000	0.000000	0.000000	0.000000
43	L	O	0.996501	0.000000	0.000001	0.003480	0.000000	0.000000	0.000000	0.000000	0.000000	0.000000	0.000000	0.000000	0.000000	0.000000	0.000000	0.000000	0.000000	0.000000
44	T	O	0.997598	0.000000	0.000001	0.002384	0.000000	0.000001	0.000000	0.000000	0.000000	0.000000	0.000000	0.000000	0.000000	0.000000	0.000000	0.000001	0.000000	0.000000
45	Q	O	0.998453	0.000000	0.000000	0.001528	0.000000	0.000001	0.000000	0.000000	0.000000	0.000000	0.000001	0.000000	0.000000	0.000000	0.000000	0.000001	0.000000	0.000000
46	A	O	0.999048	0.000000	0.000000	0.000935	0.000000	0.000001	0.000000	0.000000	0.000000	0.000000	0.000001	0.000000	0.000000	0.000000	0.000000	0.000001	0.000000	0.000000
47	T	O	0.999426	0.000000	0.000000	0.000559	0.000000	0.000001	0.000001	0.000001	0.000000	0.000000	0.000001	0.000000	0.000000	0.000000	0.000000	0.000001	0.000000	0.000000
48	T	O	0.999627	0.000000	0.000000	0.000358	0.000001	0.000001	0.000001	0.000001	0.000000	0.000001	0.000001	0.000000	0.000000	0.000000	0.000000	0.000001	0.000001	0.000001
49	I	O	0.999754	0.000000	0.000000	0.000230	0.000001	0.000001	0.000001	0.000001	0.000000	0.000001	0.000001	0.000000	0.000000	0.000000	0.000000	0.000001	0.000001	0.000001
50	I	O	0.999834	0.000000	0.000000	0.000150	0.000001	0.000002	0.000001	0.000001	0.000000	0.000001	0.000002	0.000000	0.000000	0.000000	0.000000	0.000002	0.000001	0.000001
51	T	O	0.999879	0.000000	0.000000	0.000099	0.000001	0.000002	0.000001	0.000002	0.000000	0.000002	0.000002	0.000000	0.000000	0.000000	0.000000	0.000002	0.000001	0.000001
52	D	O	0.999908	0.000000	0.000000	0.000067	0.000001	0.000003	0.000002	0.000003	0.000000	0.000002	0.000003	0.000000	0.000000	0.000000	0.000000	0.000003	0.000001	0.000002
53	V	O	0.999929	0.000000	0.000000	0.000046	0.000002	0.000003	0.000002	0.000003	0.000000	0.000003	0.000005	0.000000	0.000000	0.000000	0.000000	0.000004	0.000002	0.000002
54	A	O	0.999934	0.000000	0.000000	0.000031	0.000002	0.000004	0.000003	0.000004	0.000000	0.000004	0.000007	0.000000	0.000000	0.000000	0.000000	0.000004	0.000002	0.000002
55	I	O	0.999942	0.000000	0.000000	0.000020	0.000002	0.000005	0.000004	0.000005	0.000001	0.000005	0.000009	0.000000	0.000000	0.000000	0.000001	0.000005	0.000003	0.000003
56	A	O	0.999939	0.000000	0.000000	0.000013	0.000003	0.000005	0.000004	0.000006	0.000001	0.000005	0.000011	0.000000	0.000000	0.000000	0.000001	0.000007	0.000003	0.000004
57	T	O	0.999937	0.000000	0.000000	0.000007	0.000003	0.000006	0.000005	0.000008	0.000001	0.000007	0.000012	0.000000	0.000000	0.000000	0.000001	0.000008	0.000004	0.000004
58	E	O	0.999927	0.000000	0.000000	0.000004	0.000004	0.000007	0.000006	0.000010	0.000001	0.000009	0.000015	0.000000	0.000000	0.000001	0.000001	0.000010	0.000005	0.000006
59	G	O	0.999897	0.000000	0.000000	0.000002	0.000005	0.000009	0.000008	0.000015	0.000002	0.000012	0.000020	0.000000	0.000000	0.000001	0.000002	0.000013	0.000006	0.000007
60	D	O	0.999867	0.000000	0.000000	0.000001	0.000007	0.000012	0.000010	0.000020	0.000002	0.000017	0.000028	0.000001	0.000000	0.000001	0.000003	0.000018	0.000008	0.000010
61	Q	O	0.999821	0.000000	0.000000	0.000001	0.000009	0.000016	0.000013	0.000028	0.000003	0.000024	0.000038	0.000001	0.000000	0.000002	0.000004	0.000023	0.000012	0.000013
62	V	O	0.999754	0.000000	0.000000	0.000000	0.000011	0.000023	0.000017	0.000039	0.000004	0.000036	0.000053	0.000001	0.000000	0.000003	0.000006	0.000028	0.000017	0.000018
63	E	O	0.999670	0.000000	0.000000	0.000000	0.000012	0.000030	0.000024	0.000048	0.000005	0.000050	0.000072	0.000001	0.000000	0.000005	0.000009	0.000034	0.000021	0.000025
64	L	O	0.999580	0.000000	0.000000	0.000000	0.000012	0.000038	0.000030	0.000057	0.000005	0.000068	0.000094	0.000001	0.000000	0.000007	0.000012	0.000039	0.000028	0.000032
65	Q	O	0.999470	0.000000	0.000000	0.000000	0.000011	0.000046	0.000043	0.000062	0.000006	0.000089	0.000128	0.000002	0.000000	0.000010	0.000018	0.000044	0.000033	0.000042
66	F	O	0.999338	0.000000	0.000000	0.000000	0.000007	0.000054	0.000055	0.000066	0.000003	0.000117	0.000180	0.000001	0.000000	0.000015	0.000026	0.000047	0.000043	0.000053
67	T	O	0.999203	0.000000	0.000000	0.000000	0.000000	0.000061	0.000071	0.000045	0.000000	0.000144	0.000258	0.000000	0.000000	0.000021	0.000040	0.000038	0.000054	0.000069
68	A	O	0.999108	0.000000	0.000000	0.000000	0.000000	0.000054	0.000094	0.000000	0.000000	0.000139	0.000363	0.000000	0.000000	0.000032	0.000051	0.000000	0.000081	0.000078
69	T	O	0.998814	0.000000	0.000000	0.000000	0.000000	0.000000	0.000203	0.000000	0.000000	0.000000	0.000596	0.000000	0.000000	0.000000	0.000199	0.000000	0.000000	0.000184
70	A	O	0.999998	0.000000	0.000000	0.000000	0.000000	0.000000	0.000000	0.000000	0.000000	0.000000	0.000000	0.000000	0.000000	0.000000	0.000000	0.000000	0.000000	0.000000
