# Name=gene-SYNPCC7002_RS01675
# pos	aa	label	Other	Sec/SPI n	Sec/SPI h	Sec/SPI c	Sec/SPII n	Sec/SPII h	Sec/SPII cys	Tat/SPI n	Tat/SPI RR	Tat/SPI h	Tat/SPI c	Tat/SPII n	Tat/SPII RR	Tat/SPII h	Tat/SPII cys	Sec/SPIII P	Sec/SPIII cons.	Sec/SPIII h
1	G	N	0.377405	0.611563	0.000000	0.000000	0.010912	0.000000	0.000000	0.000000	0.000000	0.000000	0.000000	0.000000	0.000000	0.000000	0.000000	0.000085	0.000000	0.000000
2	Q	N	0.377405	0.577465	0.034097	0.000000	0.009911	0.001001	0.000000	0.000000	0.000000	0.000000	0.000000	0.000000	0.000000	0.000000	0.000000	0.000079	0.000006	0.000000
3	R	N	0.377405	0.541711	0.069839	0.000011	0.008872	0.002040	0.000000	0.000000	0.000000	0.000000	0.000000	0.000000	0.000000	0.000000	0.000000	0.000072	0.000010	0.000003
4	Y	N	0.377410	0.477568	0.133972	0.000019	0.007079	0.003826	0.000007	0.000000	0.000000	0.000000	0.000000	0.000000	0.000000	0.000000	0.000000	0.000058	0.000020	0.000005
5	I	N	0.377427	0.412532	0.198991	0.000026	0.005623	0.005269	0.000014	0.000000	0.000000	0.000000	0.000000	0.000000	0.000000	0.000000	0.000000	0.000041	0.000029	0.000010
6	R	N	0.377457	0.360917	0.250586	0.000038	0.004683	0.006166	0.000042	0.000000	0.000000	0.000000	0.000000	0.000000	0.000000	0.000000	0.000000	0.000027	0.000032	0.000014
7	H	N	0.377525	0.246021	0.365471	0.000033	0.002947	0.007796	0.000106	0.000000	0.000000	0.000000	0.000000	0.000000	0.000000	0.000000	0.000000	0.000013	0.000035	0.000017
8	G	H	0.377655	0.068024	0.543462	0.000021	0.000855	0.009790	0.000099	0.000000	0.000000	0.000000	0.000000	0.000000	0.000000	0.000000	0.000000	0.000004	0.000027	0.000027
9	L	H	0.377773	0.018205	0.593272	0.000019	0.000255	0.010302	0.000088	0.000000	0.000000	0.000000	0.000000	0.000000	0.000000	0.000000	0.000000	0.000001	0.000016	0.000033
10	L	H	0.377878	0.004939	0.606521	0.000027	0.000084	0.010358	0.000115	0.000000	0.000000	0.000000	0.000000	0.000000	0.000000	0.000000	0.000000	0.000000	0.000008	0.000035
11	F	H	0.378011	0.001395	0.610037	0.000043	0.000029	0.010219	0.000194	0.000000	0.000000	0.000000	0.000000	0.000000	0.000000	0.000000	0.000000	0.000000	0.000003	0.000034
12	L	H	0.378230	0.000406	0.610982	0.000068	0.000010	0.009950	0.000289	0.000000	0.000000	0.000000	0.000000	0.000000	0.000000	0.000000	0.000000	0.000000	0.000001	0.000029
13	G	H	0.378548	0.000120	0.611197	0.000116	0.000003	0.009611	0.000345	0.000000	0.000000	0.000000	0.000000	0.000000	0.000000	0.000000	0.000000	0.000000	0.000001	0.000024
14	A	H	0.378931	0.000035	0.611145	0.000219	0.000001	0.009230	0.000384	0.000000	0.000000	0.000000	0.000000	0.000000	0.000000	0.000000	0.000000	0.000000	0.000000	0.000020
15	M	H	0.379354	0.000010	0.610864	0.000488	0.000000	0.008767	0.000463	0.000000	0.000000	0.000000	0.000000	0.000000	0.000000	0.000000	0.000000	0.000000	0.000000	0.000017
16	L	H	0.379873	0.000003	0.610211	0.001096	0.000000	0.008056	0.000711	0.000000	0.000000	0.000000	0.000000	0.000000	0.000000	0.000000	0.000000	0.000000	0.000000	0.000014
17	C	H	0.380648	0.000001	0.608728	0.002517	0.000000	0.006980	0.001076	0.000000	0.000000	0.000000	0.000000	0.000000	0.000000	0.000000	0.000000	0.000000	0.000000	0.000012
18	V	H	0.381802	0.000000	0.604904	0.006267	0.000000	0.006067	0.000913	0.000000	0.000000	0.000000	0.000000	0.000000	0.000000	0.000000	0.000000	0.000000	0.000000	0.000010
19	F	H	0.382806	0.000000	0.594679	0.016402	0.000000	0.005301	0.000766	0.000000	0.000000	0.000000	0.000000	0.000000	0.000000	0.000000	0.000000	0.000000	0.000000	0.000009
20	L	H	0.383699	0.000000	0.565772	0.045187	0.000000	0.004730	0.000571	0.000000	0.000000	0.000000	0.000000	0.000000	0.000000	0.000000	0.000000	0.000000	0.000000	0.000007
21	P	H	0.384396	0.000000	0.481015	0.129816	0.000000	0.004026	0.000704	0.000000	0.000000	0.000000	0.000000	0.000000	0.000000	0.000000	0.000000	0.000000	0.000000	0.000006
22	S	H	0.385381	0.000000	0.323695	0.286858	0.000000	0.003291	0.000735	0.000000	0.000000	0.000000	0.000000	0.000000	0.000000	0.000000	0.000000	0.000000	0.000000	0.000005
23	V	H	0.386666	0.000000	0.184269	0.425735	0.000000	0.002411	0.000880	0.000000	0.000000	0.000000	0.000000	0.000000	0.000000	0.000000	0.000000	0.000000	0.000000	0.000004
24	A	C	0.388235	0.000000	0.020991	0.588323	0.000000	0.001894	0.000518	0.000000	0.000000	0.000000	0.000000	0.000000	0.000000	0.000000	0.000000	0.000000	0.000000	0.000002
25	I	C	0.394576	0.000000	0.002205	0.601290	0.000000	0.001037	0.000857	0.000000	0.000000	0.000000	0.000000	0.000000	0.000000	0.000000	0.000000	0.000000	0.000000	0.000001
26	A	C	0.428733	0.000000	0.000092	0.570102	0.000000	0.000291	0.000745	0.000000	0.000000	0.000000	0.000000	0.000000	0.000000	0.000000	0.000000	0.000000	0.000000	0.000001
27	H	O	0.930412	0.000000	0.000066	0.069194	0.000000	0.000042	0.000250	0.000000	0.000000	0.000000	0.000000	0.000000	0.000000	0.000000	0.000000	0.000000	0.000000	0.000000
28	V	O	0.970199	0.000000	0.000045	0.029679	0.000000	0.000010	0.000032	0.000000	0.000000	0.000000	0.000000	0.000000	0.000000	0.000000	0.000000	0.000000	0.000000	0.000000
29	G	O	0.984361	0.000000	0.000027	0.015569	0.000000	0.000003	0.000007	0.000000	0.000000	0.000000	0.000000	0.000000	0.000000	0.000000	0.000000	0.000000	0.000000	0.000000
30	G	O	0.991198	0.000000	0.000016	0.008751	0.000000	0.000001	0.000002	0.000000	0.000000	0.000000	0.000000	0.000000	0.000000	0.000000	0.000000	0.000000	0.000000	0.000000
31	H	O	0.994997	0.000000	0.000010	0.004957	0.000001	0.000001	0.000001	0.000000	0.000000	0.000000	0.000000	0.000000	0.000000	0.000000	0.000000	0.000000	0.000000	0.000000
32	E	O	0.997046	0.000000	0.000006	0.002914	0.000001	0.000001	0.000000	0.000000	0.000000	0.000000	0.000000	0.000000	0.000000	0.000000	0.000000	0.000000	0.000000	0.000000
33	T	O	0.998272	0.000000	0.000004	0.001689	0.000002	0.000001	0.000000	0.000000	0.000000	0.000000	0.000000	0.000000	0.000000	0.000000	0.000000	0.000001	0.000000	0.000000
34	A	O	0.998991	0.000000	0.000003	0.000971	0.000004	0.000001	0.000001	0.000000	0.000000	0.000000	0.000000	0.000000	0.000000	0.000000	0.000000	0.000001	0.000000	0.000000
35	G	O	0.999389	0.000000	0.000002	0.000567	0.000008	0.000002	0.000001	0.000000	0.000000	0.000000	0.000000	0.000000	0.000000	0.000000	0.000000	0.000001	0.000000	0.000000
36	F	O	0.999619	0.000000	0.000002	0.000327	0.000014	0.000004	0.000001	0.000000	0.000000	0.000000	0.000000	0.000000	0.000000	0.000000	0.000000	0.000002	0.000001	0.000001
37	W	O	0.999748	0.000000	0.000001	0.000186	0.000023	0.000008	0.000001	0.000001	0.000000	0.000000	0.000000	0.000000	0.000000	0.000000	0.000000	0.000003	0.000001	0.000001
38	H	O	0.999795	0.000001	0.000001	0.000114	0.000039	0.000014	0.000001	0.000001	0.000000	0.000000	0.000000	0.000000	0.000000	0.000000	0.000000	0.000006	0.000001	0.000001
39	G	O	0.999795	0.000001	0.000001	0.000072	0.000062	0.000028	0.000002	0.000002	0.000000	0.000000	0.000000	0.000000	0.000000	0.000000	0.000000	0.000009	0.000002	0.000001
40	F	O	0.999761	0.000001	0.000001	0.000046	0.000090	0.000051	0.000003	0.000003	0.000000	0.000001	0.000000	0.000001	0.000000	0.000000	0.000000	0.000013	0.000003	0.000002
41	Q	O	0.999701	0.000001	0.000001	0.000029	0.000119	0.000088	0.000005	0.000004	0.000001	0.000001	0.000000	0.000001	0.000000	0.000000	0.000000	0.000019	0.000005	0.000003
42	H	O	0.999605	0.000001	0.000001	0.000018	0.000151	0.000146	0.000007	0.000006	0.000001	0.000002	0.000000	0.000001	0.000001	0.000001	0.000000	0.000025	0.000009	0.000004
43	P	O	0.999483	0.000001	0.000001	0.000011	0.000162	0.000240	0.000012	0.000009	0.000001	0.000003	0.000001	0.000002	0.000001	0.000001	0.000000	0.000026	0.000019	0.000005
44	L	O	0.999352	0.000001	0.000002	0.000006	0.000149	0.000359	0.000023	0.000009	0.000002	0.000006	0.000001	0.000002	0.000001	0.000002	0.000000	0.000019	0.000033	0.000011
45	G	O	0.999213	0.000000	0.000002	0.000004	0.000137	0.000481	0.000038	0.000010	0.000003	0.000008	0.000001	0.000002	0.000001	0.000003	0.000000	0.000013	0.000038	0.000024
46	G	O	0.999077	0.000000	0.000002	0.000002	0.000125	0.000598	0.000055	0.000012	0.000004	0.000010	0.000002	0.000003	0.000001	0.000004	0.000000	0.000010	0.000036	0.000039
47	L	O	0.998950	0.000000	0.000002	0.000001	0.000106	0.000705	0.000077	0.000013	0.000005	0.000014	0.000002	0.000003	0.000002	0.000005	0.000000	0.000009	0.000031	0.000055
48	D	O	0.998835	0.000000	0.000003	0.000001	0.000103	0.000803	0.000083	0.000016	0.000006	0.000017	0.000003	0.000004	0.000002	0.000006	0.000001	0.000008	0.000028	0.000065
49	H	O	0.998696	0.000000	0.000003	0.000000	0.000105	0.000892	0.000109	0.000022	0.000007	0.000022	0.000004	0.000005	0.000002	0.000008	0.000001	0.000009	0.000026	0.000073
50	L	O	0.998562	0.000000	0.000003	0.000000	0.000108	0.000982	0.000118	0.000030	0.000009	0.000028	0.000005	0.000006	0.000003	0.000011	0.000001	0.000010	0.000027	0.000081
51	I	O	0.998414	0.000000	0.000003	0.000000	0.000112	0.001067	0.000137	0.000040	0.000013	0.000036	0.000006	0.000007	0.000004	0.000015	0.000002	0.000010	0.000030	0.000090
52	A	O	0.998245	0.000000	0.000003	0.000000	0.000113	0.001154	0.000158	0.000058	0.000019	0.000048	0.000008	0.000009	0.000005	0.000020	0.000002	0.000011	0.000031	0.000102
53	M	O	0.998055	0.000000	0.000003	0.000000	0.000118	0.001237	0.000175	0.000085	0.000027	0.000065	0.000010	0.000012	0.000006	0.000027	0.000003	0.000013	0.000032	0.000118
54	L	O	0.997814	0.000000	0.000003	0.000000	0.000126	0.001318	0.000206	0.000126	0.000041	0.000091	0.000014	0.000016	0.000008	0.000037	0.000005	0.000016	0.000037	0.000131
55	A	O	0.997518	0.000000	0.000003	0.000000	0.000136	0.001398	0.000234	0.000192	0.000059	0.000132	0.000020	0.000021	0.000010	0.000052	0.000007	0.000021	0.000045	0.000142
56	V	O	0.997159	0.000000	0.000002	0.000000	0.000131	0.001447	0.000293	0.000277	0.000087	0.000196	0.000031	0.000027	0.000012	0.000073	0.000010	0.000028	0.000054	0.000161
57	G	O	0.996733	0.000000	0.000002	0.000000	0.000130	0.001520	0.000275	0.000425	0.000115	0.000290	0.000049	0.000034	0.000015	0.000103	0.000015	0.000041	0.000073	0.000168
58	I	O	0.996105	0.000000	0.000002	0.000000	0.000133	0.001505	0.000374	0.000592	0.000182	0.000438	0.000079	0.000042	0.000017	0.000144	0.000025	0.000053	0.000099	0.000199
59	W	O	0.995288	0.000000	0.000002	0.000000	0.000142	0.001448	0.000436	0.000860	0.000247	0.000665	0.000136	0.000050	0.000021	0.000198	0.000044	0.000078	0.000139	0.000236
60	A	O	0.994181	0.000000	0.000002	0.000001	0.000149	0.001380	0.000465	0.001239	0.000288	0.001014	0.000248	0.000061	0.000022	0.000266	0.000073	0.000117	0.000199	0.000283
61	V	O	0.992860	0.000000	0.000001	0.000001	0.000163	0.001260	0.000516	0.001497	0.000392	0.001515	0.000454	0.000066	0.000024	0.000325	0.000133	0.000165	0.000264	0.000352
62	Q	O	0.991110	0.000000	0.000001	0.000001	0.000249	0.001116	0.000533	0.002094	0.000364	0.001925	0.000921	0.000076	0.000024	0.000380	0.000189	0.000302	0.000332	0.000374
63	V	O	0.989287	0.000000	0.000001	0.000001	0.000286	0.000973	0.000601	0.002272	0.000402	0.002570	0.001496	0.000081	0.000023	0.000412	0.000269	0.000493	0.000392	0.000432
64	E	O	0.987660	0.000000	0.000001	0.000001	0.000335	0.000991	0.000438	0.002564	0.000260	0.002731	0.002512	0.000085	0.000016	0.000415	0.000317	0.000808	0.000401	0.000461
65	E	O	0.986178	0.000000	0.000000	0.000001	0.000306	0.001065	0.000447	0.002238	0.000218	0.002981	0.003596	0.000070	0.000009	0.000425	0.000383	0.001099	0.000488	0.000494
66	K	O	0.985250	0.000000	0.000000	0.000001	0.000179	0.001190	0.000455	0.001673	0.000099	0.003025	0.004741	0.000042	0.000000	0.000455	0.000445	0.001158	0.000691	0.000593
67	Q	O	0.985050	0.000000	0.000000	0.000001	0.000000	0.001212	0.000630	0.000908	0.000000	0.002771	0.005732	0.000000	0.000000	0.000462	0.000594	0.000785	0.001032	0.000823
68	G	O	0.986357	0.000000	0.000000	0.000000	0.000000	0.000959	0.000742	0.000000	0.000000	0.002137	0.006173	0.000000	0.000000	0.000416	0.000745	0.000000	0.001291	0.001178
69	R	O	0.988583	0.000000	0.000000	0.000000	0.000000	0.000000	0.001746	0.000000	0.000000	0.000000	0.006268	0.000000	0.000000	0.000000	0.001391	0.000000	0.000000	0.002011
70	F	O	0.999998	0.000000	0.000000	0.000000	0.000000	0.000000	0.000000	0.000000	0.000000	0.000000	0.000000	0.000000	0.000000	0.000000	0.000000	0.000000	0.000000	0.000000
