# Name=gene-SYNPCC7002_RS07005
# pos	aa	label	Other	Sec/SPI n	Sec/SPI h	Sec/SPI c	Sec/SPII n	Sec/SPII h	Sec/SPII cys	Tat/SPI n	Tat/SPI RR	Tat/SPI h	Tat/SPI c	Tat/SPII n	Tat/SPII RR	Tat/SPII h	Tat/SPII cys	Sec/SPIII P	Sec/SPIII cons.	Sec/SPIII h
1	V	O	0.999120	0.000512	0.000000	0.000000	0.000223	0.000000	0.000000	0.000000	0.000000	0.000000	0.000000	0.000000	0.000000	0.000000	0.000000	0.000144	0.000000	0.000000
2	S	O	0.999119	0.000478	0.000034	0.000000	0.000197	0.000026	0.000000	0.000000	0.000000	0.000000	0.000000	0.000000	0.000000	0.000000	0.000000	0.000141	0.000003	0.000000
3	E	O	0.999121	0.000448	0.000060	0.000003	0.000174	0.000049	0.000000	0.000000	0.000000	0.000000	0.000000	0.000000	0.000000	0.000000	0.000000	0.000138	0.000004	0.000002
4	P	O	0.999118	0.000420	0.000083	0.000008	0.000152	0.000070	0.000001	0.000000	0.000000	0.000000	0.000000	0.000000	0.000000	0.000000	0.000000	0.000135	0.000004	0.000003
5	T	O	0.999129	0.000395	0.000101	0.000013	0.000133	0.000088	0.000002	0.000000	0.000000	0.000000	0.000000	0.000000	0.000000	0.000000	0.000000	0.000132	0.000004	0.000003
6	W	O	0.999135	0.000372	0.000117	0.000017	0.000116	0.000102	0.000003	0.000000	0.000000	0.000000	0.000000	0.000000	0.000000	0.000000	0.000000	0.000129	0.000005	0.000004
7	K	O	0.999139	0.000351	0.000129	0.000022	0.000101	0.000113	0.000003	0.000000	0.000000	0.000000	0.000000	0.000000	0.000000	0.000000	0.000000	0.000126	0.000005	0.000004
8	K	O	0.999148	0.000332	0.000141	0.000025	0.000087	0.000124	0.000003	0.000000	0.000000	0.000000	0.000000	0.000000	0.000000	0.000000	0.000000	0.000122	0.000006	0.000004
9	I	O	0.999159	0.000312	0.000153	0.000027	0.000072	0.000135	0.000004	0.000000	0.000000	0.000000	0.000000	0.000000	0.000000	0.000000	0.000000	0.000117	0.000007	0.000004
10	I	O	0.999173	0.000294	0.000161	0.000030	0.000061	0.000143	0.000003	0.000000	0.000000	0.000000	0.000000	0.000000	0.000000	0.000000	0.000000	0.000112	0.000008	0.000005
11	Y	O	0.999192	0.000280	0.000166	0.000033	0.000053	0.000147	0.000004	0.000000	0.000000	0.000000	0.000000	0.000000	0.000000	0.000000	0.000000	0.000106	0.000010	0.000006
12	L	O	0.999208	0.000266	0.000172	0.000034	0.000045	0.000149	0.000006	0.000000	0.000000	0.000000	0.000000	0.000000	0.000000	0.000000	0.000000	0.000097	0.000012	0.000007
13	L	O	0.999230	0.000254	0.000175	0.000034	0.000038	0.000150	0.000006	0.000000	0.000000	0.000000	0.000000	0.000000	0.000000	0.000000	0.000000	0.000088	0.000014	0.000009
14	R	O	0.999250	0.000243	0.000177	0.000036	0.000032	0.000149	0.000007	0.000000	0.000000	0.000000	0.000000	0.000000	0.000000	0.000000	0.000000	0.000078	0.000016	0.000010
15	W	O	0.999271	0.000229	0.000182	0.000034	0.000026	0.000146	0.000010	0.000000	0.000000	0.000000	0.000000	0.000000	0.000000	0.000000	0.000000	0.000066	0.000020	0.000011
16	D	O	0.999305	0.000215	0.000189	0.000034	0.000020	0.000141	0.000010	0.000000	0.000000	0.000000	0.000000	0.000000	0.000000	0.000000	0.000000	0.000051	0.000024	0.000013
17	K	O	0.999329	0.000197	0.000201	0.000031	0.000015	0.000128	0.000017	0.000000	0.000000	0.000000	0.000000	0.000000	0.000000	0.000000	0.000000	0.000034	0.000031	0.000014
18	P	O	0.999368	0.000161	0.000234	0.000026	0.000009	0.000109	0.000025	0.000000	0.000000	0.000000	0.000000	0.000000	0.000000	0.000000	0.000000	0.000014	0.000036	0.000019
19	A	O	0.999408	0.000097	0.000295	0.000018	0.000004	0.000089	0.000025	0.000000	0.000000	0.000000	0.000000	0.000000	0.000000	0.000000	0.000000	0.000004	0.000028	0.000029
20	G	O	0.999452	0.000047	0.000344	0.000013	0.000002	0.000071	0.000021	0.000000	0.000000	0.000000	0.000000	0.000000	0.000000	0.000000	0.000000	0.000001	0.000013	0.000036
21	R	O	0.999489	0.000019	0.000370	0.000008	0.000001	0.000052	0.000020	0.000000	0.000000	0.000000	0.000000	0.000000	0.000000	0.000000	0.000000	0.000000	0.000005	0.000032
22	L	O	0.999521	0.000005	0.000383	0.000004	0.000000	0.000038	0.000014	0.000000	0.000000	0.000000	0.000000	0.000000	0.000000	0.000000	0.000000	0.000000	0.000001	0.000025
23	I	O	0.999544	0.000001	0.000386	0.000002	0.000000	0.000028	0.000010	0.000000	0.000000	0.000000	0.000000	0.000000	0.000000	0.000000	0.000000	0.000000	0.000000	0.000018
24	L	O	0.999556	0.000000	0.000386	0.000002	0.000000	0.000021	0.000007	0.000000	0.000000	0.000000	0.000000	0.000000	0.000000	0.000000	0.000000	0.000000	0.000000	0.000014
25	I	O	0.999571	0.000000	0.000384	0.000002	0.000000	0.000016	0.000005	0.000000	0.000000	0.000000	0.000000	0.000000	0.000000	0.000000	0.000000	0.000000	0.000000	0.000010
26	I	O	0.999578	0.000000	0.000383	0.000003	0.000000	0.000012	0.000004	0.000000	0.000000	0.000000	0.000000	0.000000	0.000000	0.000000	0.000000	0.000000	0.000000	0.000008
27	P	O	0.999579	0.000000	0.000380	0.000004	0.000000	0.000009	0.000003	0.000000	0.000000	0.000000	0.000000	0.000000	0.000000	0.000000	0.000000	0.000000	0.000000	0.000006
28	A	O	0.999591	0.000000	0.000376	0.000005	0.000000	0.000007	0.000002	0.000000	0.000000	0.000000	0.000000	0.000000	0.000000	0.000000	0.000000	0.000000	0.000000	0.000004
29	L	O	0.999590	0.000000	0.000371	0.000008	0.000000	0.000005	0.000002	0.000000	0.000000	0.000000	0.000000	0.000000	0.000000	0.000000	0.000000	0.000000	0.000000	0.000003
30	W	O	0.999591	0.000000	0.000364	0.000012	0.000000	0.000004	0.000001	0.000000	0.000000	0.000000	0.000000	0.000000	0.000000	0.000000	0.000000	0.000000	0.000000	0.000002
31	A	O	0.999595	0.000000	0.000355	0.000017	0.000000	0.000003	0.000001	0.000000	0.000000	0.000000	0.000000	0.000000	0.000000	0.000000	0.000000	0.000000	0.000000	0.000002
32	V	O	0.999600	0.000000	0.000343	0.000024	0.000000	0.000002	0.000001	0.000000	0.000000	0.000000	0.000000	0.000000	0.000000	0.000000	0.000000	0.000000	0.000000	0.000001
33	F	O	0.999610	0.000000	0.000323	0.000039	0.000000	0.000002	0.000001	0.000000	0.000000	0.000000	0.000000	0.000000	0.000000	0.000000	0.000000	0.000000	0.000000	0.000001
34	L	O	0.999610	0.000000	0.000295	0.000061	0.000000	0.000001	0.000000	0.000000	0.000000	0.000000	0.000000	0.000000	0.000000	0.000000	0.000000	0.000000	0.000000	0.000001
35	A	O	0.999620	0.000000	0.000252	0.000097	0.000000	0.000001	0.000000	0.000000	0.000000	0.000000	0.000000	0.000000	0.000000	0.000000	0.000000	0.000000	0.000000	0.000001
36	A	O	0.999636	0.000000	0.000204	0.000132	0.000000	0.000001	0.000000	0.000000	0.000000	0.000000	0.000000	0.000000	0.000000	0.000000	0.000000	0.000000	0.000000	0.000000
37	E	O	0.999667	0.000000	0.000171	0.000139	0.000000	0.000000	0.000000	0.000000	0.000000	0.000000	0.000000	0.000000	0.000000	0.000000	0.000000	0.000000	0.000000	0.000000
38	A	O	0.999698	0.000000	0.000152	0.000127	0.000001	0.000000	0.000000	0.000000	0.000000	0.000000	0.000000	0.000000	0.000000	0.000000	0.000000	0.000000	0.000000	0.000000
39	K	O	0.999734	0.000000	0.000139	0.000102	0.000001	0.000000	0.000000	0.000000	0.000000	0.000000	0.000000	0.000000	0.000000	0.000000	0.000000	0.000000	0.000000	0.000000
40	P	O	0.999763	0.000000	0.000130	0.000081	0.000002	0.000001	0.000000	0.000000	0.000000	0.000000	0.000000	0.000000	0.000000	0.000000	0.000000	0.000000	0.000000	0.000000
41	D	O	0.999788	0.000000	0.000126	0.000059	0.000003	0.000001	0.000000	0.000000	0.000000	0.000000	0.000000	0.000000	0.000000	0.000000	0.000000	0.000000	0.000000	0.000000
42	W	O	0.999814	0.000000	0.000124	0.000036	0.000004	0.000002	0.000000	0.000000	0.000000	0.000000	0.000000	0.000000	0.000000	0.000000	0.000000	0.000000	0.000000	0.000000
43	K	O	0.999832	0.000000	0.000122	0.000020	0.000004	0.000003	0.000000	0.000000	0.000000	0.000000	0.000000	0.000000	0.000000	0.000000	0.000000	0.000000	0.000000	0.000000
44	L	O	0.999840	0.000000	0.000122	0.000010	0.000002	0.000006	0.000000	0.000000	0.000000	0.000000	0.000000	0.000000	0.000000	0.000000	0.000000	0.000000	0.000000	0.000000
45	V	O	0.999849	0.000000	0.000122	0.000005	0.000001	0.000009	0.000000	0.000000	0.000000	0.000000	0.000000	0.000000	0.000000	0.000000	0.000000	0.000000	0.000000	0.000000
46	L	O	0.999853	0.000000	0.000121	0.000002	0.000001	0.000011	0.000000	0.000000	0.000000	0.000000	0.000000	0.000000	0.000000	0.000000	0.000000	0.000000	0.000000	0.000000
47	V	O	0.999851	0.000000	0.000121	0.000001	0.000001	0.000013	0.000000	0.000000	0.000000	0.000000	0.000000	0.000000	0.000000	0.000000	0.000000	0.000000	0.000000	0.000000
48	I	O	0.999856	0.000000	0.000120	0.000001	0.000001	0.000015	0.000000	0.000000	0.000000	0.000000	0.000000	0.000000	0.000000	0.000000	0.000000	0.000000	0.000000	0.000000
49	I	O	0.999854	0.000000	0.000120	0.000001	0.000002	0.000018	0.000000	0.000000	0.000000	0.000000	0.000000	0.000000	0.000000	0.000000	0.000000	0.000000	0.000000	0.000000
50	L	O	0.999857	0.000000	0.000119	0.000001	0.000002	0.000021	0.000000	0.000000	0.000000	0.000000	0.000000	0.000000	0.000000	0.000000	0.000000	0.000000	0.000000	0.000000
51	G	O	0.999855	0.000000	0.000118	0.000002	0.000002	0.000024	0.000000	0.000000	0.000000	0.000000	0.000000	0.000000	0.000000	0.000000	0.000000	0.000000	0.000000	0.000000
52	A	O	0.999858	0.000000	0.000116	0.000002	0.000002	0.000028	0.000000	0.000000	0.000000	0.000000	0.000000	0.000000	0.000000	0.000000	0.000000	0.000000	0.000000	0.000000
53	I	O	0.999851	0.000000	0.000114	0.000003	0.000002	0.000032	0.000000	0.000000	0.000000	0.000000	0.000000	0.000000	0.000000	0.000000	0.000000	0.000000	0.000000	0.000000
54	T	O	0.999851	0.000000	0.000110	0.000006	0.000002	0.000035	0.000000	0.000000	0.000000	0.000000	0.000000	0.000000	0.000000	0.000000	0.000000	0.000000	0.000000	0.000000
55	T	O	0.999851	0.000000	0.000100	0.000014	0.000001	0.000039	0.000000	0.000000	0.000000	0.000000	0.000000	0.000000	0.000000	0.000000	0.000000	0.000000	0.000000	0.000000
56	S	O	0.999844	0.000000	0.000081	0.000031	0.000001	0.000042	0.000001	0.000000	0.000000	0.000000	0.000000	0.000000	0.000000	0.000000	0.000000	0.000000	0.000000	0.000000
57	A	O	0.999849	0.000000	0.000055	0.000052	0.000000	0.000043	0.000002	0.000000	0.000000	0.000000	0.000000	0.000000	0.000000	0.000000	0.000000	0.000000	0.000000	0.000000
58	A	O	0.999849	0.000000	0.000029	0.000073	0.000000	0.000042	0.000003	0.000001	0.000000	0.000001	0.000000	0.000000	0.000000	0.000000	0.000000	0.000000	0.000000	0.000000
59	G	O	0.999864	0.000000	0.000017	0.000075	0.000000	0.000037	0.000007	0.000001	0.000000	0.000001	0.000000	0.000000	0.000000	0.000000	0.000000	0.000000	0.000000	0.000000
60	C	O	0.999887	0.000000	0.000012	0.000058	0.000000	0.000007	0.000032	0.000001	0.000000	0.000001	0.000000	0.000000	0.000000	0.000000	0.000000	0.000000	0.000000	0.000000
61	V	O	0.999934	0.000000	0.000010	0.000040	0.000000	0.000004	0.000004	0.000002	0.000000	0.000002	0.000000	0.000000	0.000000	0.000000	0.000000	0.000000	0.000001	0.000001
62	V	O	0.999951	0.000000	0.000008	0.000026	0.000000	0.000003	0.000003	0.000002	0.000000	0.000003	0.000001	0.000000	0.000000	0.000001	0.000000	0.000000	0.000001	0.000001
63	N	O	0.999966	0.000000	0.000005	0.000020	0.000000	0.000002	0.000002	0.000002	0.000001	0.000004	0.000002	0.000000	0.000000	0.000001	0.000000	0.000001	0.000001	0.000001
64	D	O	0.999970	0.000000	0.000003	0.000014	0.000000	0.000002	0.000001	0.000003	0.000000	0.000004	0.000003	0.000000	0.000000	0.000001	0.000000	0.000001	0.000001	0.000001
65	L	O	0.999972	0.000000	0.000002	0.000009	0.000000	0.000001	0.000001	0.000003	0.000000	0.000006	0.000004	0.000000	0.000000	0.000001	0.000001	0.000001	0.000002	0.000002
66	W	O	0.999981	0.000000	0.000001	0.000006	0.000000	0.000001	0.000001	0.000002	0.000000	0.000006	0.000005	0.000000	0.000000	0.000001	0.000001	0.000001	0.000002	0.000002
67	D	O	0.999980	0.000000	0.000000	0.000004	0.000000	0.000001	0.000001	0.000001	0.000000	0.000005	0.000008	0.000000	0.000000	0.000000	0.000001	0.000001	0.000001	0.000002
68	R	O	0.999985	0.000000	0.000000	0.000002	0.000000	0.000000	0.000001	0.000000	0.000000	0.000003	0.000010	0.000000	0.000000	0.000000	0.000001	0.000000	0.000001	0.000002
69	D	O	0.999991	0.000000	0.000000	0.000001	0.000000	0.000000	0.000001	0.000000	0.000000	0.000000	0.000009	0.000000	0.000000	0.000000	0.000001	0.000000	0.000000	0.000002
70	I	O	1.000000	0.000000	0.000000	0.000000	0.000000	0.000000	0.000000	0.000000	0.000000	0.000000	0.000000	0.000000	0.000000	0.000000	0.000000	0.000000	0.000000	0.000000
