# Name=gene-SYNPCC7002_RS06135
# pos	aa	label	Other	Sec/SPI n	Sec/SPI h	Sec/SPI c	Sec/SPII n	Sec/SPII h	Sec/SPII cys	Tat/SPI n	Tat/SPI RR	Tat/SPI h	Tat/SPI c	Tat/SPII n	Tat/SPII RR	Tat/SPII h	Tat/SPII cys	Sec/SPIII P	Sec/SPIII cons.	Sec/SPIII h
1	V	O	0.907520	0.092124	0.000000	0.000000	0.000335	0.000000	0.000000	0.000001	0.000000	0.000000	0.000000	0.000000	0.000000	0.000000	0.000000	0.000047	0.000000	0.000000
2	A	O	0.907520	0.086933	0.005191	0.000000	0.000318	0.000016	0.000000	0.000001	0.000000	0.000000	0.000000	0.000000	0.000000	0.000000	0.000000	0.000044	0.000003	0.000000
3	P	O	0.907520	0.082772	0.008879	0.000473	0.000303	0.000032	0.000000	0.000001	0.000000	0.000000	0.000000	0.000000	0.000000	0.000000	0.000000	0.000041	0.000003	0.000002
4	A	O	0.907601	0.079053	0.011944	0.001046	0.000286	0.000048	0.000000	0.000001	0.000000	0.000000	0.000000	0.000000	0.000000	0.000000	0.000000	0.000039	0.000003	0.000003
5	S	O	0.907807	0.075760	0.014498	0.001581	0.000270	0.000064	0.000001	0.000001	0.000000	0.000000	0.000000	0.000000	0.000000	0.000000	0.000000	0.000037	0.000003	0.000003
6	N	O	0.908127	0.072244	0.017297	0.001981	0.000252	0.000080	0.000001	0.000001	0.000000	0.000000	0.000000	0.000000	0.000000	0.000000	0.000000	0.000035	0.000003	0.000003
7	T	O	0.908610	0.068159	0.020820	0.002065	0.000232	0.000100	0.000001	0.000001	0.000000	0.000000	0.000000	0.000000	0.000000	0.000000	0.000000	0.000033	0.000003	0.000002
8	I	O	0.909130	0.063152	0.025346	0.002029	0.000208	0.000123	0.000001	0.000000	0.000000	0.000000	0.000000	0.000000	0.000000	0.000000	0.000000	0.000031	0.000003	0.000002
9	S	O	0.909612	0.058174	0.029791	0.002081	0.000185	0.000145	0.000001	0.000000	0.000000	0.000000	0.000000	0.000000	0.000000	0.000000	0.000000	0.000029	0.000003	0.000003
10	T	O	0.910189	0.052107	0.035424	0.001941	0.000161	0.000169	0.000001	0.000000	0.000000	0.000000	0.000000	0.000000	0.000000	0.000000	0.000000	0.000027	0.000004	0.000002
11	R	O	0.910827	0.044925	0.042261	0.001652	0.000133	0.000195	0.000001	0.000000	0.000000	0.000000	0.000000	0.000000	0.000000	0.000000	0.000000	0.000023	0.000005	0.000002
12	L	O	0.911500	0.033421	0.053555	0.001192	0.000091	0.000236	0.000001	0.000000	0.000000	0.000000	0.000000	0.000000	0.000000	0.000000	0.000000	0.000018	0.000009	0.000003
13	L	O	0.912017	0.023443	0.063296	0.000916	0.000056	0.000270	0.000001	0.000000	0.000000	0.000000	0.000000	0.000000	0.000000	0.000000	0.000000	0.000012	0.000011	0.000004
14	Y	O	0.912385	0.015640	0.070804	0.000846	0.000030	0.000294	0.000002	0.000000	0.000000	0.000000	0.000000	0.000000	0.000000	0.000000	0.000000	0.000008	0.000012	0.000005
15	P	O	0.912697	0.010872	0.075154	0.000959	0.000017	0.000305	0.000002	0.000000	0.000000	0.000000	0.000000	0.000000	0.000000	0.000000	0.000000	0.000005	0.000011	0.000006
16	Q	O	0.913070	0.007399	0.078233	0.000986	0.000010	0.000309	0.000003	0.000000	0.000000	0.000000	0.000000	0.000000	0.000000	0.000000	0.000000	0.000003	0.000009	0.000007
17	I	O	0.913478	0.004308	0.081025	0.000881	0.000005	0.000309	0.000005	0.000000	0.000000	0.000000	0.000000	0.000000	0.000000	0.000000	0.000000	0.000001	0.000007	0.000006
18	A	O	0.913828	0.002197	0.082802	0.000872	0.000002	0.000306	0.000005	0.000000	0.000000	0.000000	0.000000	0.000000	0.000000	0.000000	0.000000	0.000000	0.000004	0.000006
19	S	O	0.914203	0.000967	0.083688	0.000851	0.000001	0.000301	0.000007	0.000000	0.000000	0.000000	0.000000	0.000000	0.000000	0.000000	0.000000	0.000000	0.000003	0.000005
20	L	O	0.914559	0.000265	0.084065	0.000825	0.000000	0.000294	0.000007	0.000000	0.000000	0.000000	0.000000	0.000000	0.000000	0.000000	0.000000	0.000000	0.000001	0.000005
21	L	O	0.914849	0.000067	0.083640	0.001166	0.000000	0.000288	0.000007	0.000000	0.000000	0.000000	0.000000	0.000000	0.000000	0.000000	0.000000	0.000000	0.000001	0.000005
22	I	O	0.915093	0.000016	0.082085	0.002538	0.000000	0.000279	0.000009	0.000000	0.000000	0.000000	0.000000	0.000000	0.000000	0.000000	0.000000	0.000000	0.000000	0.000004
23	F	O	0.915397	0.000005	0.078007	0.006329	0.000000	0.000265	0.000013	0.000000	0.000000	0.000000	0.000000	0.000000	0.000000	0.000000	0.000000	0.000000	0.000000	0.000003
24	Q	O	0.915864	0.000002	0.070095	0.013790	0.000000	0.000247	0.000019	0.000000	0.000000	0.000000	0.000000	0.000000	0.000000	0.000000	0.000000	0.000000	0.000000	0.000002
25	G	O	0.916786	0.000000	0.060578	0.022405	0.000000	0.000225	0.000022	0.000000	0.000000	0.000000	0.000000	0.000000	0.000000	0.000000	0.000000	0.000000	0.000000	0.000002
26	V	O	0.917976	0.000000	0.046772	0.035041	0.000000	0.000192	0.000033	0.000000	0.000000	0.000000	0.000000	0.000000	0.000000	0.000000	0.000000	0.000000	0.000000	0.000001
27	F	O	0.919545	0.000000	0.028845	0.051433	0.000000	0.000153	0.000039	0.000000	0.000000	0.000000	0.000000	0.000000	0.000000	0.000000	0.000000	0.000000	0.000000	0.000001
28	A	O	0.921807	0.000000	0.011746	0.066307	0.000000	0.000117	0.000036	0.000000	0.000000	0.000000	0.000000	0.000000	0.000000	0.000000	0.000000	0.000000	0.000000	0.000001
29	D	O	0.933547	0.000000	0.006587	0.059761	0.000000	0.000063	0.000054	0.000000	0.000000	0.000000	0.000000	0.000000	0.000000	0.000000	0.000000	0.000000	0.000000	0.000000
30	P	O	0.945508	0.000000	0.003781	0.050656	0.000000	0.000040	0.000023	0.000000	0.000000	0.000000	0.000000	0.000000	0.000000	0.000000	0.000000	0.000000	0.000000	0.000000
31	V	O	0.959860	0.000000	0.002541	0.037565	0.000000	0.000022	0.000018	0.000000	0.000000	0.000000	0.000000	0.000000	0.000000	0.000000	0.000000	0.000000	0.000000	0.000000
32	G	O	0.971055	0.000000	0.001638	0.027287	0.000000	0.000011	0.000012	0.000000	0.000000	0.000000	0.000000	0.000000	0.000000	0.000000	0.000000	0.000000	0.000000	0.000000
33	Q	O	0.982698	0.000000	0.001195	0.016100	0.000000	0.000005	0.000006	0.000000	0.000000	0.000000	0.000000	0.000000	0.000000	0.000000	0.000000	0.000000	0.000000	0.000000
34	T	O	0.990197	0.000000	0.001016	0.008786	0.000000	0.000002	0.000002	0.000000	0.000000	0.000000	0.000000	0.000000	0.000000	0.000000	0.000000	0.000000	0.000000	0.000000
35	F	O	0.993807	0.000000	0.000888	0.005311	0.000000	0.000001	0.000001	0.000000	0.000000	0.000000	0.000000	0.000000	0.000000	0.000000	0.000000	0.000000	0.000000	0.000000
36	L	O	0.995783	0.000000	0.000783	0.003434	0.000000	0.000001	0.000001	0.000000	0.000000	0.000000	0.000000	0.000000	0.000000	0.000000	0.000000	0.000000	0.000000	0.000000
37	A	O	0.996715	0.000000	0.000663	0.002625	0.000000	0.000001	0.000000	0.000000	0.000000	0.000000	0.000000	0.000000	0.000000	0.000000	0.000000	0.000000	0.000000	0.000000
38	L	O	0.997305	0.000000	0.000549	0.002149	0.000000	0.000000	0.000000	0.000000	0.000000	0.000000	0.000000	0.000000	0.000000	0.000000	0.000000	0.000000	0.000000	0.000000
39	L	O	0.997657	0.000000	0.000425	0.001920	0.000000	0.000000	0.000000	0.000000	0.000000	0.000000	0.000000	0.000000	0.000000	0.000000	0.000000	0.000000	0.000000	0.000000
40	E	O	0.997899	0.000000	0.000311	0.001795	0.000000	0.000000	0.000000	0.000000	0.000000	0.000000	0.000000	0.000000	0.000000	0.000000	0.000000	0.000000	0.000000	0.000000
41	S	O	0.998091	0.000000	0.000221	0.001691	0.000000	0.000000	0.000000	0.000000	0.000000	0.000000	0.000000	0.000000	0.000000	0.000000	0.000000	0.000001	0.000000	0.000000
42	L	O	0.998262	0.000000	0.000152	0.001590	0.000000	0.000000	0.000000	0.000000	0.000000	0.000000	0.000000	0.000000	0.000000	0.000000	0.000000	0.000001	0.000000	0.000000
43	Y	O	0.998403	0.000000	0.000098	0.001501	0.000000	0.000000	0.000000	0.000001	0.000000	0.000000	0.000000	0.000000	0.000000	0.000000	0.000000	0.000001	0.000000	0.000000
44	S	O	0.998535	0.000000	0.000059	0.001409	0.000000	0.000000	0.000000	0.000001	0.000000	0.000000	0.000001	0.000000	0.000000	0.000000	0.000000	0.000001	0.000000	0.000000
45	D	O	0.998687	0.000000	0.000036	0.001279	0.000000	0.000001	0.000000	0.000001	0.000000	0.000001	0.000001	0.000000	0.000000	0.000000	0.000000	0.000001	0.000000	0.000000
46	Q	O	0.998836	0.000000	0.000023	0.001139	0.000001	0.000001	0.000000	0.000001	0.000000	0.000001	0.000001	0.000000	0.000000	0.000000	0.000000	0.000002	0.000001	0.000001
47	A	O	0.998990	0.000000	0.000014	0.000995	0.000001	0.000001	0.000000	0.000001	0.000000	0.000001	0.000001	0.000000	0.000000	0.000000	0.000000	0.000002	0.000001	0.000001
48	A	O	0.999144	0.000000	0.000009	0.000842	0.000001	0.000001	0.000000	0.000002	0.000000	0.000001	0.000002	0.000000	0.000000	0.000000	0.000000	0.000002	0.000001	0.000001
49	Q	O	0.999296	0.000000	0.000006	0.000687	0.000001	0.000001	0.000000	0.000002	0.000000	0.000001	0.000002	0.000000	0.000000	0.000000	0.000000	0.000003	0.000001	0.000001
50	S	O	0.999429	0.000000	0.000004	0.000553	0.000001	0.000001	0.000001	0.000003	0.000000	0.000002	0.000002	0.000000	0.000000	0.000000	0.000000	0.000003	0.000001	0.000001
51	S	O	0.999550	0.000000	0.000002	0.000433	0.000001	0.000001	0.000001	0.000004	0.000000	0.000002	0.000003	0.000000	0.000000	0.000000	0.000000	0.000004	0.000001	0.000001
52	G	O	0.999642	0.000000	0.000002	0.000337	0.000001	0.000002	0.000001	0.000004	0.000001	0.000003	0.000004	0.000000	0.000000	0.000000	0.000000	0.000005	0.000002	0.000002
53	S	O	0.999710	0.000000	0.000001	0.000261	0.000001	0.000002	0.000001	0.000006	0.000001	0.000004	0.000005	0.000000	0.000000	0.000000	0.000000	0.000005	0.000002	0.000002
54	T	O	0.999768	0.000000	0.000001	0.000194	0.000001	0.000002	0.000001	0.000007	0.000001	0.000005	0.000006	0.000000	0.000000	0.000000	0.000000	0.000006	0.000002	0.000002
55	A	O	0.999810	0.000000	0.000000	0.000144	0.000002	0.000003	0.000001	0.000009	0.000001	0.000006	0.000008	0.000000	0.000000	0.000001	0.000001	0.000008	0.000003	0.000003
56	S	O	0.999837	0.000000	0.000000	0.000105	0.000002	0.000003	0.000002	0.000011	0.000001	0.000008	0.000010	0.000000	0.000000	0.000001	0.000001	0.000009	0.000003	0.000004
57	I	O	0.999863	0.000000	0.000000	0.000072	0.000002	0.000003	0.000002	0.000013	0.000002	0.000010	0.000013	0.000000	0.000000	0.000001	0.000001	0.000010	0.000004	0.000004
58	Q	O	0.999866	0.000000	0.000000	0.000049	0.000003	0.000004	0.000002	0.000016	0.000002	0.000012	0.000017	0.000000	0.000000	0.000001	0.000002	0.000013	0.000005	0.000006
59	C	O	0.999867	0.000000	0.000000	0.000032	0.000003	0.000004	0.000003	0.000020	0.000002	0.000015	0.000020	0.000001	0.000000	0.000001	0.000002	0.000016	0.000005	0.000006
60	L	O	0.999854	0.000000	0.000000	0.000021	0.000004	0.000005	0.000003	0.000023	0.000003	0.000020	0.000026	0.000001	0.000000	0.000002	0.000003	0.000020	0.000007	0.000007
61	R	O	0.999821	0.000000	0.000000	0.000014	0.000005	0.000006	0.000004	0.000030	0.000004	0.000025	0.000037	0.000001	0.000000	0.000003	0.000004	0.000027	0.000008	0.000009
62	R	O	0.999773	0.000000	0.000000	0.000009	0.000005	0.000007	0.000005	0.000041	0.000006	0.000031	0.000051	0.000001	0.000000	0.000004	0.000006	0.000036	0.000011	0.000011
63	Y	O	0.999704	0.000000	0.000000	0.000006	0.000006	0.000010	0.000006	0.000055	0.000006	0.000048	0.000066	0.000002	0.000000	0.000006	0.000009	0.000046	0.000016	0.000016
64	G	O	0.999610	0.000000	0.000000	0.000003	0.000006	0.000014	0.000007	0.000067	0.000006	0.000068	0.000094	0.000002	0.000000	0.000008	0.000013	0.000059	0.000023	0.000021
65	R	O	0.999486	0.000000	0.000000	0.000002	0.000006	0.000016	0.000011	0.000073	0.000011	0.000090	0.000138	0.000002	0.000000	0.000012	0.000019	0.000069	0.000035	0.000030
66	W	O	0.999348	0.000000	0.000000	0.000001	0.000003	0.000021	0.000013	0.000081	0.000004	0.000130	0.000183	0.000001	0.000000	0.000018	0.000029	0.000066	0.000056	0.000044
67	F	O	0.999215	0.000000	0.000000	0.000001	0.000000	0.000025	0.000017	0.000049	0.000000	0.000176	0.000257	0.000000	0.000000	0.000025	0.000045	0.000044	0.000079	0.000069
68	Q	O	0.999107	0.000000	0.000000	0.000000	0.000000	0.000019	0.000032	0.000000	0.000000	0.000145	0.000394	0.000000	0.000000	0.000028	0.000075	0.000000	0.000086	0.000111
69	A	O	0.999168	0.000000	0.000000	0.000000	0.000000	0.000000	0.000052	0.000000	0.000000	0.000000	0.000469	0.000000	0.000000	0.000000	0.000145	0.000000	0.000000	0.000163
70	L	O	1.000000	0.000000	0.000000	0.000000	0.000000	0.000000	0.000000	0.000000	0.000000	0.000000	0.000000	0.000000	0.000000	0.000000	0.000000	0.000000	0.000000	0.000000
