# Name=gene-SYNPCC7002_RS01155
# pos	aa	label	Other	Sec/SPI n	Sec/SPI h	Sec/SPI c	Sec/SPII n	Sec/SPII h	Sec/SPII cys	Tat/SPI n	Tat/SPI RR	Tat/SPI h	Tat/SPI c	Tat/SPII n	Tat/SPII RR	Tat/SPII h	Tat/SPII cys	Sec/SPIII P	Sec/SPIII cons.	Sec/SPIII h
1	T	N	0.038298	0.879513	0.000000	0.000000	0.081999	0.000000	0.000000	0.000105	0.000000	0.000000	0.000000	0.000009	0.000000	0.000000	0.000000	0.000002	0.000000	0.000000
2	M	N	0.038298	0.841192	0.038326	0.000000	0.077908	0.004091	0.000000	0.000089	0.000013	0.000002	0.000000	0.000007	0.000002	0.000000	0.000000	0.000002	0.000000	0.000000
3	K	N	0.038298	0.801979	0.077528	0.000014	0.074216	0.007783	0.000000	0.000084	0.000016	0.000005	0.000000	0.000006	0.000002	0.000000	0.000000	0.000001	0.000000	0.000000
4	R	N	0.038302	0.657690	0.221808	0.000020	0.062724	0.019258	0.000017	0.000081	0.000015	0.000009	0.000000	0.000007	0.000002	0.000001	0.000000	0.000001	0.000000	0.000000
5	Q	N	0.038325	0.554173	0.325305	0.000042	0.051078	0.030890	0.000014	0.000078	0.000012	0.000015	0.000000	0.000006	0.000002	0.000001	0.000000	0.000001	0.000000	0.000000
6	L	N	0.038354	0.470970	0.408478	0.000059	0.041221	0.040718	0.000029	0.000070	0.000012	0.000023	0.000000	0.000006	0.000002	0.000001	0.000000	0.000001	0.000000	0.000000
7	R	N	0.038403	0.423844	0.455558	0.000084	0.035298	0.046585	0.000055	0.000055	0.000017	0.000032	0.000000	0.000005	0.000002	0.000002	0.000000	0.000001	0.000000	0.000000
8	D	N	0.038493	0.327339	0.552042	0.000070	0.024789	0.056975	0.000120	0.000050	0.000011	0.000044	0.000000	0.000004	0.000001	0.000003	0.000000	0.000001	0.000000	0.000000
9	L	H	0.038652	0.121906	0.757470	0.000038	0.008807	0.072823	0.000134	0.000032	0.000009	0.000064	0.000000	0.000003	0.000001	0.000005	0.000000	0.000000	0.000001	0.000000
10	K	H	0.038806	0.052059	0.827304	0.000032	0.003796	0.077727	0.000107	0.000020	0.000007	0.000078	0.000000	0.000002	0.000001	0.000006	0.000000	0.000000	0.000001	0.000000
11	V	H	0.038931	0.010608	0.868742	0.000024	0.000970	0.080354	0.000200	0.000014	0.000004	0.000087	0.000000	0.000002	0.000001	0.000007	0.000000	0.000000	0.000000	0.000000
12	W	H	0.039144	0.002433	0.876899	0.000030	0.000269	0.080863	0.000191	0.000009	0.000003	0.000093	0.000000	0.000001	0.000000	0.000007	0.000000	0.000000	0.000000	0.000000
13	V	H	0.039347	0.000690	0.878607	0.000053	0.000088	0.080752	0.000292	0.000007	0.000002	0.000096	0.000000	0.000001	0.000000	0.000008	0.000000	0.000000	0.000000	0.000000
14	M	H	0.039656	0.000232	0.878996	0.000110	0.000032	0.080378	0.000430	0.000005	0.000001	0.000098	0.000000	0.000001	0.000000	0.000008	0.000000	0.000000	0.000000	0.000000
15	V	H	0.040111	0.000079	0.878989	0.000241	0.000012	0.079805	0.000593	0.000004	0.000001	0.000100	0.000000	0.000000	0.000000	0.000008	0.000000	0.000000	0.000000	0.000000
16	G	H	0.040737	0.000026	0.878701	0.000558	0.000004	0.079033	0.000780	0.000003	0.000001	0.000101	0.000000	0.000000	0.000000	0.000008	0.000000	0.000000	0.000000	0.000000
17	L	H	0.041558	0.000009	0.877790	0.001440	0.000001	0.078056	0.000980	0.000002	0.000001	0.000102	0.000000	0.000000	0.000000	0.000008	0.000000	0.000000	0.000000	0.000000
18	L	H	0.042581	0.000003	0.874788	0.004408	0.000001	0.077090	0.000967	0.000001	0.000000	0.000102	0.000001	0.000000	0.000000	0.000007	0.000000	0.000000	0.000000	0.000000
19	S	H	0.043588	0.000001	0.862574	0.016584	0.000000	0.075578	0.001513	0.000001	0.000000	0.000102	0.000002	0.000000	0.000000	0.000007	0.000000	0.000000	0.000000	0.000000
20	L	H	0.045178	0.000000	0.832903	0.046177	0.000000	0.072529	0.003048	0.000001	0.000000	0.000100	0.000004	0.000000	0.000000	0.000007	0.000001	0.000000	0.000000	0.000000
21	G	H	0.048301	0.000000	0.742655	0.136346	0.000000	0.067102	0.005428	0.000001	0.000000	0.000096	0.000008	0.000000	0.000000	0.000006	0.000001	0.000000	0.000000	0.000000
22	G	H	0.053906	0.000000	0.610924	0.267905	0.000000	0.054516	0.012586	0.000000	0.000000	0.000089	0.000015	0.000000	0.000000	0.000005	0.000001	0.000000	0.000000	0.000000
23	A	C	0.066703	0.000000	0.414240	0.464377	0.000000	0.031576	0.022941	0.000000	0.000000	0.000077	0.000028	0.000000	0.000000	0.000003	0.000001	0.000000	0.000000	0.000000
24	W	C	0.090099	0.000000	0.230980	0.647182	0.000000	0.011589	0.019986	0.000000	0.000000	0.000060	0.000044	0.000000	0.000000	0.000002	0.000001	0.000000	0.000000	0.000000
25	G	C	0.110838	0.000000	0.049777	0.827632	0.000000	0.005827	0.005763	0.000000	0.000000	0.000036	0.000068	0.000000	0.000000	0.000001	0.000001	0.000000	0.000000	0.000000
26	Q	C	0.124246	0.000000	0.021917	0.847848	0.000000	0.001714	0.004113	0.000000	0.000000	0.000024	0.000078	0.000000	0.000000	0.000000	0.000001	0.000000	0.000000	0.000000
27	R	C	0.130158	0.000000	0.002382	0.865586	0.000000	0.000685	0.001029	0.000000	0.000000	0.000007	0.000094	0.000000	0.000000	0.000000	0.000000	0.000000	0.000000	0.000000
28	A	C	0.135577	0.000000	0.000179	0.863403	0.000000	0.000366	0.000320	0.000000	0.000000	0.000001	0.000097	0.000000	0.000000	0.000000	0.000000	0.000000	0.000000	0.000000
29	I	C	0.154388	0.000000	0.000023	0.845077	0.000000	0.000153	0.000213	0.000000	0.000000	0.000000	0.000091	0.000000	0.000000	0.000000	0.000000	0.000000	0.000000	0.000000
30	A	C	0.210935	0.000000	0.000001	0.788769	0.000000	0.000034	0.000120	0.000000	0.000000	0.000000	0.000077	0.000000	0.000000	0.000000	0.000000	0.000000	0.000000	0.000000
31	A	O	0.961285	0.000000	0.000001	0.038604	0.000000	0.000005	0.000029	0.000000	0.000000	0.000000	0.000011	0.000000	0.000000	0.000000	0.000000	0.000000	0.000000	0.000000
32	E	O	0.985879	0.000000	0.000001	0.014048	0.000000	0.000001	0.000004	0.000000	0.000000	0.000000	0.000003	0.000000	0.000000	0.000000	0.000000	0.000000	0.000000	0.000000
33	T	O	0.993450	0.000000	0.000000	0.006484	0.000000	0.000000	0.000001	0.000000	0.000000	0.000000	0.000001	0.000000	0.000000	0.000000	0.000000	0.000000	0.000000	0.000000
34	L	O	0.996383	0.000000	0.000000	0.003559	0.000000	0.000000	0.000000	0.000000	0.000000	0.000000	0.000001	0.000000	0.000000	0.000000	0.000000	0.000000	0.000000	0.000000
35	R	O	0.997830	0.000000	0.000000	0.002110	0.000000	0.000001	0.000000	0.000000	0.000000	0.000000	0.000000	0.000000	0.000000	0.000000	0.000000	0.000000	0.000000	0.000000
36	L	O	0.998657	0.000000	0.000000	0.001281	0.000000	0.000001	0.000001	0.000000	0.000000	0.000000	0.000000	0.000000	0.000000	0.000000	0.000000	0.000000	0.000000	0.000000
37	K	O	0.999133	0.000000	0.000000	0.000808	0.000001	0.000001	0.000001	0.000000	0.000000	0.000000	0.000000	0.000000	0.000000	0.000000	0.000000	0.000000	0.000000	0.000000
38	L	O	0.999420	0.000000	0.000000	0.000521	0.000001	0.000001	0.000001	0.000000	0.000000	0.000000	0.000000	0.000000	0.000000	0.000000	0.000000	0.000000	0.000000	0.000000
39	G	O	0.999599	0.000000	0.000000	0.000343	0.000001	0.000002	0.000001	0.000000	0.000000	0.000000	0.000000	0.000000	0.000000	0.000000	0.000000	0.000000	0.000000	0.000000
40	P	O	0.999722	0.000000	0.000000	0.000227	0.000001	0.000002	0.000002	0.000000	0.000000	0.000000	0.000000	0.000000	0.000000	0.000000	0.000000	0.000000	0.000000	0.000000
41	L	O	0.999805	0.000000	0.000000	0.000149	0.000001	0.000003	0.000002	0.000000	0.000000	0.000000	0.000000	0.000000	0.000000	0.000000	0.000000	0.000000	0.000000	0.000000
42	Q	O	0.999850	0.000000	0.000000	0.000099	0.000002	0.000003	0.000002	0.000000	0.000000	0.000000	0.000001	0.000000	0.000000	0.000000	0.000000	0.000000	0.000000	0.000000
43	Q	O	0.999891	0.000000	0.000000	0.000064	0.000002	0.000004	0.000003	0.000001	0.000000	0.000000	0.000001	0.000000	0.000000	0.000000	0.000000	0.000000	0.000000	0.000000
44	T	O	0.999912	0.000000	0.000000	0.000041	0.000002	0.000005	0.000003	0.000001	0.000000	0.000001	0.000001	0.000000	0.000000	0.000000	0.000000	0.000000	0.000000	0.000000
45	L	O	0.999926	0.000000	0.000000	0.000026	0.000003	0.000006	0.000004	0.000001	0.000000	0.000001	0.000001	0.000000	0.000000	0.000000	0.000000	0.000000	0.000000	0.000000
46	Q	O	0.999937	0.000000	0.000000	0.000017	0.000003	0.000007	0.000005	0.000001	0.000000	0.000001	0.000001	0.000000	0.000000	0.000000	0.000000	0.000000	0.000000	0.000000
47	L	O	0.999937	0.000000	0.000000	0.000011	0.000004	0.000008	0.000006	0.000002	0.000000	0.000001	0.000002	0.000000	0.000000	0.000000	0.000000	0.000001	0.000000	0.000000
48	E	O	0.999938	0.000000	0.000000	0.000007	0.000005	0.000010	0.000007	0.000002	0.000000	0.000002	0.000002	0.000000	0.000000	0.000000	0.000000	0.000001	0.000000	0.000000
49	D	O	0.999933	0.000000	0.000000	0.000005	0.000006	0.000012	0.000009	0.000003	0.000000	0.000002	0.000003	0.000000	0.000000	0.000000	0.000000	0.000001	0.000000	0.000000
50	L	O	0.999923	0.000000	0.000000	0.000003	0.000007	0.000015	0.000011	0.000004	0.000000	0.000003	0.000004	0.000000	0.000000	0.000000	0.000000	0.000001	0.000001	0.000001
51	E	O	0.999917	0.000000	0.000000	0.000002	0.000008	0.000019	0.000013	0.000005	0.000001	0.000004	0.000006	0.000000	0.000000	0.000000	0.000000	0.000002	0.000001	0.000001
52	T	O	0.999899	0.000000	0.000000	0.000002	0.000010	0.000023	0.000017	0.000007	0.000001	0.000005	0.000008	0.000000	0.000000	0.000000	0.000001	0.000002	0.000001	0.000001
53	F	O	0.999883	0.000000	0.000000	0.000001	0.000011	0.000026	0.000021	0.000008	0.000001	0.000007	0.000011	0.000000	0.000000	0.000000	0.000001	0.000003	0.000001	0.000001
54	A	O	0.999866	0.000000	0.000000	0.000001	0.000013	0.000030	0.000025	0.000010	0.000001	0.000008	0.000015	0.000000	0.000000	0.000001	0.000001	0.000004	0.000002	0.000002
55	E	O	0.999839	0.000000	0.000000	0.000001	0.000014	0.000035	0.000029	0.000013	0.000001	0.000011	0.000018	0.000000	0.000000	0.000001	0.000002	0.000005	0.000002	0.000002
56	T	O	0.999809	0.000000	0.000000	0.000000	0.000017	0.000041	0.000036	0.000017	0.000002	0.000014	0.000022	0.000000	0.000000	0.000001	0.000002	0.000007	0.000003	0.000003
57	G	O	0.999779	0.000000	0.000000	0.000000	0.000020	0.000047	0.000044	0.000022	0.000002	0.000017	0.000028	0.000000	0.000000	0.000001	0.000003	0.000009	0.000003	0.000004
58	Q	O	0.999733	0.000000	0.000000	0.000000	0.000024	0.000055	0.000051	0.000027	0.000003	0.000023	0.000035	0.000001	0.000000	0.000002	0.000004	0.000012	0.000005	0.000005
59	V	O	0.999664	0.000000	0.000000	0.000000	0.000029	0.000067	0.000064	0.000036	0.000004	0.000031	0.000048	0.000001	0.000000	0.000002	0.000005	0.000015	0.000006	0.000007
60	P	O	0.999583	0.000000	0.000000	0.000000	0.000034	0.000080	0.000076	0.000047	0.000005	0.000039	0.000064	0.000001	0.000000	0.000003	0.000007	0.000021	0.000008	0.000009
61	R	O	0.999487	0.000000	0.000000	0.000000	0.000041	0.000095	0.000093	0.000061	0.000007	0.000050	0.000083	0.000001	0.000000	0.000004	0.000009	0.000028	0.000011	0.000012
62	N	O	0.999351	0.000000	0.000000	0.000000	0.000047	0.000117	0.000113	0.000083	0.000008	0.000071	0.000106	0.000002	0.000001	0.000006	0.000012	0.000037	0.000016	0.000016
63	L	O	0.999177	0.000000	0.000000	0.000000	0.000050	0.000146	0.000137	0.000106	0.000009	0.000100	0.000142	0.000002	0.000001	0.000009	0.000017	0.000048	0.000022	0.000023
64	R	O	0.998944	0.000000	0.000000	0.000000	0.000049	0.000183	0.000173	0.000130	0.000013	0.000135	0.000200	0.000003	0.000001	0.000013	0.000023	0.000063	0.000031	0.000032
65	P	O	0.998647	0.000000	0.000000	0.000000	0.000036	0.000224	0.000223	0.000163	0.000012	0.000187	0.000277	0.000003	0.000000	0.000019	0.000033	0.000072	0.000049	0.000045
66	Y	O	0.998326	0.000000	0.000000	0.000000	0.000015	0.000252	0.000291	0.000162	0.000008	0.000270	0.000381	0.000002	0.000000	0.000029	0.000047	0.000073	0.000069	0.000068
67	G	O	0.998010	0.000000	0.000000	0.000000	0.000000	0.000234	0.000385	0.000115	0.000000	0.000341	0.000547	0.000000	0.000000	0.000041	0.000075	0.000056	0.000090	0.000097
68	V	O	0.997918	0.000000	0.000000	0.000000	0.000000	0.000116	0.000510	0.000000	0.000000	0.000337	0.000723	0.000000	0.000000	0.000052	0.000097	0.000000	0.000113	0.000127
69	F	O	0.997992	0.000000	0.000000	0.000000	0.000000	0.000000	0.000402	0.000000	0.000000	0.000000	0.001094	0.000000	0.000000	0.000000	0.000279	0.000000	0.000000	0.000224
70	L	O	0.999996	0.000000	0.000000	0.000000	0.000000	0.000000	0.000000	0.000000	0.000000	0.000000	0.000000	0.000000	0.000000	0.000000	0.000000	0.000000	0.000000	0.000000
