# Name=gene-SYNPCC7002_RS07260
# pos	aa	label	Other	Sec/SPI n	Sec/SPI h	Sec/SPI c	Sec/SPII n	Sec/SPII h	Sec/SPII cys	Tat/SPI n	Tat/SPI RR	Tat/SPI h	Tat/SPI c	Tat/SPII n	Tat/SPII RR	Tat/SPII h	Tat/SPII cys	Sec/SPIII P	Sec/SPIII cons.	Sec/SPIII h
1	G	N	0.002354	0.997432	0.000000	0.000000	0.000157	0.000000	0.000000	0.000008	0.000000	0.000000	0.000000	0.000000	0.000000	0.000000	0.000000	0.000000	0.000000	0.000000
2	Q	N	0.002354	0.959543	0.037899	0.000000	0.000144	0.000013	0.000000	0.000007	0.000001	0.000000	0.000000	0.000000	0.000000	0.000000	0.000000	0.000000	0.000000	0.000000
3	Y	N	0.002354	0.931036	0.066362	0.000044	0.000134	0.000024	0.000000	0.000007	0.000001	0.000000	0.000000	0.000000	0.000000	0.000000	0.000000	0.000000	0.000000	0.000000
4	Q	N	0.002364	0.909067	0.088263	0.000108	0.000126	0.000031	0.000000	0.000006	0.000001	0.000000	0.000000	0.000000	0.000000	0.000000	0.000000	0.000000	0.000000	0.000000
5	H	N	0.002389	0.887676	0.109578	0.000159	0.000119	0.000038	0.000001	0.000006	0.000001	0.000000	0.000000	0.000000	0.000000	0.000000	0.000000	0.000000	0.000000	0.000000
6	Y	N	0.002430	0.866538	0.130656	0.000185	0.000111	0.000045	0.000001	0.000006	0.000001	0.000000	0.000000	0.000000	0.000000	0.000000	0.000000	0.000000	0.000000	0.000000
7	L	N	0.002479	0.847505	0.149621	0.000204	0.000104	0.000051	0.000001	0.000006	0.000001	0.000001	0.000000	0.000000	0.000000	0.000000	0.000000	0.000000	0.000000	0.000000
8	Q	N	0.002530	0.829637	0.167419	0.000222	0.000098	0.000056	0.000001	0.000006	0.000001	0.000001	0.000000	0.000000	0.000000	0.000000	0.000000	0.000000	0.000000	0.000000
9	S	N	0.002589	0.806784	0.190221	0.000214	0.000092	0.000062	0.000001	0.000005	0.000001	0.000001	0.000000	0.000000	0.000000	0.000000	0.000000	0.000000	0.000000	0.000000
10	P	N	0.002649	0.772316	0.224656	0.000191	0.000083	0.000069	0.000001	0.000005	0.000001	0.000001	0.000000	0.000000	0.000000	0.000000	0.000000	0.000000	0.000000	0.000000
11	F	N	0.002715	0.712708	0.284249	0.000147	0.000072	0.000078	0.000002	0.000005	0.000001	0.000002	0.000000	0.000000	0.000000	0.000000	0.000000	0.000000	0.000000	0.000000
12	C	N	0.002768	0.644276	0.352665	0.000114	0.000061	0.000088	0.000002	0.000004	0.000001	0.000003	0.000000	0.000000	0.000000	0.000000	0.000000	0.000000	0.000000	0.000000
13	R	N	0.002818	0.545731	0.451193	0.000079	0.000049	0.000098	0.000002	0.000002	0.000002	0.000004	0.000000	0.000000	0.000000	0.000000	0.000000	0.000000	0.000000	0.000000
14	L	H	0.002874	0.068186	0.928738	0.000027	0.000010	0.000135	0.000001	0.000002	0.000001	0.000005	0.000000	0.000000	0.000000	0.000000	0.000000	0.000000	0.000000	0.000000
15	G	H	0.002892	0.012443	0.984474	0.000018	0.000003	0.000142	0.000001	0.000001	0.000000	0.000006	0.000000	0.000000	0.000000	0.000000	0.000000	0.000000	0.000000	0.000000
16	L	H	0.002904	0.001897	0.995015	0.000015	0.000001	0.000143	0.000001	0.000001	0.000000	0.000006	0.000000	0.000000	0.000000	0.000000	0.000000	0.000000	0.000000	0.000000
17	G	H	0.002914	0.000416	0.996481	0.000026	0.000000	0.000142	0.000001	0.000001	0.000000	0.000007	0.000000	0.000000	0.000000	0.000000	0.000000	0.000000	0.000000	0.000000
18	V	H	0.002930	0.000087	0.996786	0.000032	0.000000	0.000141	0.000002	0.000000	0.000000	0.000007	0.000000	0.000000	0.000000	0.000000	0.000000	0.000000	0.000000	0.000000
19	A	H	0.002947	0.000021	0.996808	0.000058	0.000000	0.000138	0.000002	0.000000	0.000000	0.000007	0.000000	0.000000	0.000000	0.000000	0.000000	0.000000	0.000000	0.000000
20	F	H	0.002976	0.000007	0.996748	0.000102	0.000000	0.000135	0.000004	0.000000	0.000000	0.000007	0.000000	0.000000	0.000000	0.000000	0.000000	0.000000	0.000000	0.000000
21	A	H	0.003026	0.000003	0.996656	0.000149	0.000000	0.000131	0.000004	0.000000	0.000000	0.000007	0.000000	0.000000	0.000000	0.000000	0.000000	0.000000	0.000000	0.000000
22	M	H	0.003092	0.000001	0.996497	0.000245	0.000000	0.000126	0.000005	0.000000	0.000000	0.000007	0.000000	0.000000	0.000000	0.000000	0.000000	0.000000	0.000000	0.000000
23	G	H	0.003172	0.000000	0.996208	0.000458	0.000000	0.000121	0.000005	0.000000	0.000000	0.000007	0.000000	0.000000	0.000000	0.000000	0.000000	0.000000	0.000000	0.000000
24	V	H	0.003293	0.000000	0.995767	0.000787	0.000000	0.000116	0.000006	0.000000	0.000000	0.000007	0.000000	0.000000	0.000000	0.000000	0.000000	0.000000	0.000000	0.000000
25	F	H	0.003391	0.000000	0.994355	0.002104	0.000000	0.000111	0.000005	0.000000	0.000000	0.000007	0.000000	0.000000	0.000000	0.000000	0.000000	0.000000	0.000000	0.000000
26	G	H	0.003491	0.000000	0.989436	0.006932	0.000000	0.000104	0.000007	0.000000	0.000000	0.000007	0.000000	0.000000	0.000000	0.000000	0.000000	0.000000	0.000000	0.000000
27	L	H	0.003671	0.000000	0.977857	0.018335	0.000000	0.000096	0.000008	0.000000	0.000000	0.000007	0.000000	0.000000	0.000000	0.000000	0.000000	0.000000	0.000000	0.000000
28	F	H	0.003827	0.000000	0.932600	0.063448	0.000000	0.000091	0.000005	0.000000	0.000000	0.000007	0.000001	0.000000	0.000000	0.000000	0.000000	0.000000	0.000000	0.000000
29	P	H	0.004023	0.000000	0.782822	0.213033	0.000000	0.000085	0.000006	0.000000	0.000000	0.000006	0.000001	0.000000	0.000000	0.000000	0.000000	0.000000	0.000000	0.000000
30	V	H	0.004587	0.000000	0.617061	0.378236	0.000000	0.000078	0.000007	0.000000	0.000000	0.000005	0.000002	0.000000	0.000000	0.000000	0.000000	0.000000	0.000000	0.000000
31	L	C	0.005116	0.000000	0.287641	0.707134	0.000000	0.000072	0.000006	0.000000	0.000000	0.000003	0.000004	0.000000	0.000000	0.000000	0.000000	0.000000	0.000000	0.000000
32	A	C	0.005994	0.000000	0.015655	0.978245	0.000000	0.000067	0.000005	0.000000	0.000000	0.000001	0.000007	0.000000	0.000000	0.000000	0.000000	0.000000	0.000000	0.000000
33	Q	C	0.026147	0.000000	0.001552	0.972203	0.000000	0.000025	0.000041	0.000000	0.000000	0.000000	0.000007	0.000000	0.000000	0.000000	0.000000	0.000000	0.000000	0.000000
34	A	C	0.068241	0.000000	0.000012	0.931690	0.000000	0.000004	0.000022	0.000000	0.000000	0.000000	0.000006	0.000000	0.000000	0.000000	0.000000	0.000000	0.000000	0.000000
35	T	O	0.977388	0.000000	0.000009	0.022582	0.000000	0.000001	0.000003	0.000000	0.000000	0.000000	0.000001	0.000000	0.000000	0.000000	0.000000	0.000000	0.000000	0.000000
36	Q	O	0.992970	0.000000	0.000004	0.007003	0.000000	0.000000	0.000001	0.000000	0.000000	0.000000	0.000000	0.000000	0.000000	0.000000	0.000000	0.000000	0.000000	0.000000
37	C	O	0.997612	0.000000	0.000002	0.002364	0.000000	0.000000	0.000000	0.000000	0.000000	0.000000	0.000000	0.000000	0.000000	0.000000	0.000000	0.000000	0.000000	0.000000
38	K	O	0.999159	0.000000	0.000001	0.000821	0.000000	0.000000	0.000000	0.000000	0.000000	0.000000	0.000000	0.000000	0.000000	0.000000	0.000000	0.000000	0.000000	0.000000
39	G	O	0.999637	0.000000	0.000000	0.000345	0.000000	0.000000	0.000000	0.000000	0.000000	0.000000	0.000000	0.000000	0.000000	0.000000	0.000000	0.000000	0.000000	0.000000
40	S	O	0.999833	0.000000	0.000000	0.000153	0.000000	0.000000	0.000000	0.000000	0.000000	0.000000	0.000000	0.000000	0.000000	0.000000	0.000000	0.000000	0.000000	0.000000
41	L	O	0.999917	0.000000	0.000000	0.000067	0.000000	0.000000	0.000000	0.000000	0.000000	0.000000	0.000000	0.000000	0.000000	0.000000	0.000000	0.000000	0.000000	0.000000
42	G	O	0.999954	0.000000	0.000000	0.000036	0.000000	0.000000	0.000000	0.000000	0.000000	0.000000	0.000000	0.000000	0.000000	0.000000	0.000000	0.000000	0.000000	0.000000
43	A	O	0.999972	0.000000	0.000000	0.000018	0.000000	0.000000	0.000000	0.000000	0.000000	0.000000	0.000000	0.000000	0.000000	0.000000	0.000000	0.000000	0.000000	0.000000
44	I	O	0.999978	0.000000	0.000000	0.000009	0.000000	0.000000	0.000000	0.000000	0.000000	0.000000	0.000000	0.000000	0.000000	0.000000	0.000000	0.000000	0.000000	0.000000
45	A	O	0.999992	0.000000	0.000000	0.000005	0.000000	0.000000	0.000000	0.000000	0.000000	0.000000	0.000000	0.000000	0.000000	0.000000	0.000000	0.000000	0.000000	0.000000
46	I	O	0.999990	0.000000	0.000000	0.000003	0.000000	0.000000	0.000000	0.000000	0.000000	0.000000	0.000000	0.000000	0.000000	0.000000	0.000000	0.000000	0.000000	0.000000
47	G	O	0.999998	0.000000	0.000000	0.000002	0.000000	0.000000	0.000001	0.000000	0.000000	0.000000	0.000000	0.000000	0.000000	0.000000	0.000000	0.000000	0.000000	0.000000
48	D	O	1.000000	0.000000	0.000000	0.000001	0.000000	0.000000	0.000001	0.000000	0.000000	0.000000	0.000000	0.000000	0.000000	0.000000	0.000000	0.000000	0.000000	0.000000
49	L	O	1.000000	0.000000	0.000000	0.000001	0.000000	0.000001	0.000001	0.000000	0.000000	0.000000	0.000000	0.000000	0.000000	0.000000	0.000000	0.000000	0.000000	0.000000
50	E	O	1.000000	0.000000	0.000000	0.000000	0.000000	0.000001	0.000001	0.000000	0.000000	0.000000	0.000000	0.000000	0.000000	0.000000	0.000000	0.000000	0.000000	0.000000
51	V	O	1.000000	0.000000	0.000000	0.000000	0.000000	0.000001	0.000001	0.000000	0.000000	0.000000	0.000001	0.000000	0.000000	0.000000	0.000000	0.000000	0.000000	0.000000
52	P	O	1.000000	0.000000	0.000000	0.000000	0.000000	0.000001	0.000002	0.000000	0.000000	0.000000	0.000001	0.000000	0.000000	0.000000	0.000000	0.000000	0.000000	0.000000
53	S	O	1.000000	0.000000	0.000000	0.000000	0.000000	0.000002	0.000002	0.000000	0.000000	0.000000	0.000001	0.000000	0.000000	0.000000	0.000000	0.000000	0.000000	0.000000
54	G	O	1.000000	0.000000	0.000000	0.000000	0.000001	0.000002	0.000003	0.000001	0.000000	0.000001	0.000001	0.000000	0.000000	0.000000	0.000000	0.000000	0.000000	0.000000
55	A	O	0.999996	0.000000	0.000000	0.000000	0.000001	0.000002	0.000003	0.000001	0.000000	0.000001	0.000002	0.000000	0.000000	0.000000	0.000000	0.000000	0.000000	0.000000
56	T	O	0.999994	0.000000	0.000000	0.000000	0.000001	0.000003	0.000004	0.000001	0.000000	0.000001	0.000002	0.000000	0.000000	0.000000	0.000000	0.000000	0.000000	0.000000
57	C	O	0.999992	0.000000	0.000000	0.000000	0.000001	0.000003	0.000005	0.000001	0.000000	0.000001	0.000003	0.000000	0.000000	0.000000	0.000000	0.000000	0.000000	0.000000
58	I	O	0.999990	0.000000	0.000000	0.000000	0.000001	0.000004	0.000006	0.000001	0.000000	0.000002	0.000004	0.000000	0.000000	0.000000	0.000000	0.000000	0.000000	0.000000
59	L	O	0.999987	0.000000	0.000000	0.000000	0.000001	0.000004	0.000007	0.000002	0.000000	0.000002	0.000005	0.000000	0.000000	0.000000	0.000000	0.000000	0.000000	0.000000
60	R	O	0.999976	0.000000	0.000000	0.000000	0.000001	0.000005	0.000009	0.000002	0.000000	0.000003	0.000007	0.000000	0.000000	0.000000	0.000000	0.000000	0.000000	0.000000
61	Q	O	0.999972	0.000000	0.000000	0.000000	0.000001	0.000005	0.000010	0.000003	0.000000	0.000003	0.000009	0.000000	0.000000	0.000000	0.000000	0.000001	0.000000	0.000000
62	T	O	0.999958	0.000000	0.000000	0.000000	0.000002	0.000007	0.000012	0.000004	0.000000	0.000005	0.000012	0.000000	0.000000	0.000000	0.000001	0.000001	0.000000	0.000001
63	T	O	0.999943	0.000000	0.000000	0.000000	0.000002	0.000009	0.000015	0.000006	0.000000	0.000007	0.000018	0.000000	0.000000	0.000000	0.000001	0.000002	0.000001	0.000001
64	V	O	0.999920	0.000000	0.000000	0.000000	0.000001	0.000010	0.000020	0.000007	0.000001	0.000011	0.000027	0.000000	0.000000	0.000001	0.000002	0.000002	0.000001	0.000001
65	R	O	0.999882	0.000000	0.000000	0.000000	0.000001	0.000011	0.000030	0.000008	0.000001	0.000013	0.000041	0.000000	0.000000	0.000001	0.000003	0.000003	0.000002	0.000002
66	G	O	0.999853	0.000000	0.000000	0.000000	0.000001	0.000011	0.000034	0.000009	0.000000	0.000017	0.000055	0.000000	0.000000	0.000001	0.000004	0.000004	0.000003	0.000004
67	D	O	0.999823	0.000000	0.000000	0.000000	0.000000	0.000009	0.000041	0.000007	0.000000	0.000022	0.000070	0.000000	0.000000	0.000002	0.000007	0.000004	0.000005	0.000006
68	V	O	0.999787	0.000000	0.000000	0.000000	0.000000	0.000008	0.000045	0.000000	0.000000	0.000025	0.000100	0.000000	0.000000	0.000004	0.000011	0.000000	0.000009	0.000010
69	V	O	0.999674	0.000000	0.000000	0.000000	0.000000	0.000000	0.000073	0.000000	0.000000	0.000000	0.000174	0.000000	0.000000	0.000000	0.000050	0.000000	0.000000	0.000031
70	V	O	1.000000	0.000000	0.000000	0.000000	0.000000	0.000000	0.000000	0.000000	0.000000	0.000000	0.000000	0.000000	0.000000	0.000000	0.000000	0.000000	0.000000	0.000000
