# Name=gene-SYNPCC7002_RS04855
# pos	aa	label	Other	Sec/SPI n	Sec/SPI h	Sec/SPI c	Sec/SPII n	Sec/SPII h	Sec/SPII cys	Tat/SPI n	Tat/SPI RR	Tat/SPI h	Tat/SPI c	Tat/SPII n	Tat/SPII RR	Tat/SPII h	Tat/SPII cys	Sec/SPIII P	Sec/SPIII cons.	Sec/SPIII h
1	F	O	0.870205	0.084234	0.000000	0.000000	0.000257	0.000000	0.000000	0.000001	0.000000	0.000000	0.000000	0.000000	0.000000	0.000000	0.000000	0.045295	0.000000	0.000000
2	S	O	0.870212	0.081717	0.002517	0.000000	0.000225	0.000032	0.000000	0.000001	0.000000	0.000000	0.000000	0.000000	0.000000	0.000000	0.000000	0.043033	0.002262	0.000000
3	R	O	0.870213	0.079662	0.004287	0.000286	0.000201	0.000056	0.000000	0.000001	0.000000	0.000000	0.000000	0.000000	0.000000	0.000000	0.000000	0.040950	0.002872	0.001473
4	G	O	0.871366	0.077762	0.005723	0.000735	0.000178	0.000076	0.000003	0.000001	0.000000	0.000000	0.000000	0.000000	0.000000	0.000000	0.000000	0.038821	0.003119	0.002221
5	R	O	0.873122	0.076099	0.006812	0.001269	0.000161	0.000086	0.000007	0.000001	0.000000	0.000000	0.000000	0.000000	0.000000	0.000000	0.000000	0.036805	0.003059	0.002585
6	R	O	0.875209	0.074584	0.007666	0.001856	0.000145	0.000093	0.000009	0.000000	0.000000	0.000000	0.000000	0.000000	0.000000	0.000000	0.000000	0.034805	0.003028	0.002613
7	R	O	0.877359	0.073262	0.008313	0.002409	0.000131	0.000097	0.000010	0.000000	0.000000	0.000000	0.000000	0.000000	0.000000	0.000000	0.000000	0.032792	0.003029	0.002608
8	Y	O	0.879570	0.072162	0.008726	0.002914	0.000119	0.000099	0.000011	0.000000	0.000000	0.000000	0.000000	0.000000	0.000000	0.000000	0.000000	0.030674	0.003166	0.002569
9	S	O	0.881809	0.071245	0.008941	0.003376	0.000109	0.000097	0.000011	0.000000	0.000000	0.000000	0.000000	0.000000	0.000000	0.000000	0.000000	0.028675	0.003060	0.002685
10	S	O	0.884230	0.070364	0.009218	0.003659	0.000102	0.000092	0.000013	0.000000	0.000000	0.000000	0.000000	0.000000	0.000000	0.000000	0.000000	0.026731	0.002960	0.002639
11	L	O	0.886714	0.069466	0.009622	0.003740	0.000095	0.000084	0.000014	0.000000	0.000000	0.000000	0.000000	0.000000	0.000000	0.000000	0.000000	0.024849	0.002844	0.002582
12	G	O	0.889223	0.068563	0.010080	0.003722	0.000090	0.000077	0.000012	0.000000	0.000000	0.000000	0.000000	0.000000	0.000000	0.000000	0.000000	0.023231	0.002492	0.002516
13	R	O	0.891764	0.067537	0.010748	0.003551	0.000085	0.000070	0.000012	0.000000	0.000000	0.000000	0.000000	0.000000	0.000000	0.000000	0.000000	0.021722	0.002264	0.002255
14	R	O	0.894102	0.066370	0.011606	0.003328	0.000080	0.000067	0.000009	0.000000	0.000000	0.000000	0.000000	0.000000	0.000000	0.000000	0.000000	0.020325	0.002068	0.002055
15	K	O	0.896299	0.064999	0.012721	0.003038	0.000074	0.000066	0.000007	0.000000	0.000000	0.000000	0.000000	0.000000	0.000000	0.000000	0.000000	0.019033	0.001894	0.001879
16	K	O	0.898352	0.063221	0.014297	0.002696	0.000068	0.000067	0.000005	0.000000	0.000000	0.000000	0.000000	0.000000	0.000000	0.000000	0.000000	0.017749	0.001853	0.001701
17	K	O	0.900264	0.060673	0.016698	0.002301	0.000060	0.000070	0.000005	0.000000	0.000000	0.000000	0.000000	0.000000	0.000000	0.000000	0.000000	0.016193	0.002205	0.001544
18	K	O	0.902080	0.056009	0.021274	0.001822	0.000049	0.000075	0.000006	0.000000	0.000000	0.000000	0.000000	0.000000	0.000000	0.000000	0.000000	0.013334	0.003963	0.001398
19	S	O	0.903743	0.043938	0.033303	0.001245	0.000029	0.000088	0.000007	0.000000	0.000000	0.000000	0.000000	0.000000	0.000000	0.000000	0.000000	0.007660	0.008121	0.001878
20	V	O	0.905600	0.027349	0.049861	0.000726	0.000014	0.000095	0.000009	0.000000	0.000000	0.000000	0.000000	0.000000	0.000000	0.000000	0.000000	0.002463	0.010616	0.003277
21	S	O	0.908114	0.016773	0.060392	0.000469	0.000007	0.000094	0.000008	0.000000	0.000000	0.000000	0.000000	0.000000	0.000000	0.000000	0.000000	0.000681	0.008780	0.004697
22	P	O	0.911457	0.007918	0.069215	0.000267	0.000003	0.000085	0.000013	0.000000	0.000000	0.000000	0.000000	0.000000	0.000000	0.000000	0.000000	0.000122	0.006244	0.004690
23	W	O	0.913560	0.002169	0.074944	0.000136	0.000001	0.000074	0.000013	0.000000	0.000000	0.000000	0.000000	0.000000	0.000000	0.000000	0.000000	0.000021	0.002796	0.006301
24	T	O	0.915505	0.000493	0.076599	0.000075	0.000000	0.000064	0.000010	0.000000	0.000000	0.000000	0.000000	0.000000	0.000000	0.000000	0.000000	0.000004	0.000957	0.006303
25	I	O	0.917013	0.000086	0.076982	0.000051	0.000000	0.000055	0.000010	0.000000	0.000000	0.000000	0.000000	0.000000	0.000000	0.000000	0.000000	0.000001	0.000249	0.005566
26	L	O	0.918053	0.000015	0.077022	0.000053	0.000000	0.000044	0.000010	0.000000	0.000000	0.000000	0.000000	0.000000	0.000000	0.000000	0.000000	0.000000	0.000063	0.004754
27	V	O	0.918783	0.000002	0.076990	0.000066	0.000000	0.000035	0.000010	0.000000	0.000000	0.000000	0.000000	0.000000	0.000000	0.000000	0.000000	0.000000	0.000016	0.004110
28	A	O	0.919344	0.000000	0.076923	0.000097	0.000000	0.000027	0.000008	0.000000	0.000000	0.000000	0.000000	0.000000	0.000000	0.000000	0.000000	0.000000	0.000005	0.003609
29	V	O	0.919783	0.000000	0.076814	0.000154	0.000000	0.000020	0.000007	0.000000	0.000000	0.000000	0.000000	0.000000	0.000000	0.000000	0.000000	0.000000	0.000002	0.003229
30	P	O	0.920257	0.000000	0.076638	0.000250	0.000000	0.000015	0.000005	0.000000	0.000000	0.000000	0.000000	0.000000	0.000000	0.000000	0.000000	0.000000	0.000001	0.002842
31	V	O	0.920704	0.000000	0.076344	0.000426	0.000000	0.000012	0.000003	0.000000	0.000000	0.000000	0.000000	0.000000	0.000000	0.000000	0.000000	0.000000	0.000001	0.002521
32	V	O	0.921168	0.000000	0.075779	0.000822	0.000000	0.000010	0.000002	0.000000	0.000000	0.000000	0.000000	0.000000	0.000000	0.000000	0.000000	0.000000	0.000001	0.002229
33	L	O	0.921666	0.000000	0.074504	0.001874	0.000000	0.000009	0.000002	0.000000	0.000000	0.000000	0.000000	0.000000	0.000000	0.000000	0.000000	0.000000	0.000001	0.001953
34	L	O	0.922283	0.000000	0.071621	0.004422	0.000000	0.000007	0.000002	0.000000	0.000000	0.000000	0.000000	0.000000	0.000000	0.000000	0.000000	0.000000	0.000001	0.001668
35	G	O	0.923138	0.000000	0.066648	0.008796	0.000000	0.000006	0.000002	0.000000	0.000000	0.000000	0.000000	0.000000	0.000000	0.000000	0.000000	0.000000	0.000001	0.001413
36	L	O	0.924325	0.000000	0.058810	0.015660	0.000000	0.000005	0.000002	0.000000	0.000000	0.000000	0.000000	0.000000	0.000000	0.000000	0.000000	0.000000	0.000001	0.001205
37	E	O	0.925838	0.000000	0.046242	0.026972	0.000000	0.000005	0.000001	0.000000	0.000000	0.000000	0.000000	0.000000	0.000000	0.000000	0.000000	0.000001	0.000001	0.000946
38	V	O	0.928018	0.000000	0.033558	0.037623	0.000000	0.000005	0.000001	0.000000	0.000000	0.000000	0.000000	0.000000	0.000000	0.000000	0.000000	0.000001	0.000002	0.000797
39	V	O	0.930570	0.000000	0.019518	0.049228	0.000000	0.000004	0.000002	0.000000	0.000000	0.000000	0.000000	0.000000	0.000000	0.000000	0.000000	0.000001	0.000003	0.000677
40	A	O	0.935601	0.000000	0.008961	0.054951	0.000000	0.000003	0.000002	0.000000	0.000000	0.000000	0.000000	0.000000	0.000000	0.000000	0.000000	0.000002	0.000005	0.000482
41	R	O	0.947117	0.000000	0.003962	0.048668	0.000000	0.000002	0.000003	0.000000	0.000000	0.000000	0.000000	0.000000	0.000000	0.000000	0.000000	0.000003	0.000005	0.000244
42	L	O	0.965108	0.000000	0.002638	0.032148	0.000000	0.000001	0.000002	0.000000	0.000000	0.000000	0.000000	0.000000	0.000000	0.000000	0.000000	0.000004	0.000006	0.000101
43	G	O	0.978314	0.000000	0.001698	0.019951	0.000000	0.000001	0.000001	0.000000	0.000000	0.000000	0.000000	0.000000	0.000000	0.000000	0.000000	0.000006	0.000005	0.000030
44	S	O	0.986656	0.000000	0.001094	0.012230	0.000001	0.000001	0.000001	0.000000	0.000000	0.000000	0.000000	0.000000	0.000000	0.000000	0.000000	0.000008	0.000005	0.000012
45	G	O	0.991410	0.000000	0.000689	0.007873	0.000001	0.000001	0.000001	0.000000	0.000000	0.000000	0.000000	0.000000	0.000000	0.000000	0.000000	0.000011	0.000006	0.000009
46	Y	O	0.994622	0.000000	0.000450	0.004897	0.000001	0.000002	0.000001	0.000001	0.000000	0.000000	0.000001	0.000000	0.000000	0.000000	0.000000	0.000014	0.000007	0.000010
47	F	O	0.996564	0.000000	0.000287	0.003110	0.000001	0.000002	0.000002	0.000001	0.000000	0.000001	0.000001	0.000000	0.000000	0.000000	0.000000	0.000017	0.000009	0.000011
48	E	O	0.997815	0.000000	0.000185	0.001949	0.000002	0.000002	0.000002	0.000001	0.000000	0.000001	0.000001	0.000000	0.000000	0.000000	0.000000	0.000022	0.000011	0.000013
49	G	O	0.998565	0.000000	0.000122	0.001248	0.000002	0.000003	0.000002	0.000002	0.000000	0.000001	0.000001	0.000000	0.000000	0.000000	0.000000	0.000028	0.000013	0.000017
50	Q	O	0.999020	0.000000	0.000080	0.000818	0.000003	0.000004	0.000003	0.000002	0.000000	0.000002	0.000002	0.000000	0.000000	0.000000	0.000000	0.000036	0.000016	0.000020
51	D	O	0.999257	0.000000	0.000051	0.000582	0.000004	0.000005	0.000004	0.000003	0.000000	0.000002	0.000003	0.000000	0.000000	0.000000	0.000000	0.000046	0.000020	0.000025
52	D	O	0.999407	0.000000	0.000032	0.000423	0.000005	0.000007	0.000004	0.000005	0.000001	0.000003	0.000005	0.000000	0.000000	0.000000	0.000001	0.000058	0.000025	0.000030
53	Q	O	0.999495	0.000000	0.000019	0.000308	0.000006	0.000009	0.000006	0.000006	0.000001	0.000005	0.000007	0.000000	0.000000	0.000001	0.000001	0.000069	0.000033	0.000039
54	L	O	0.999546	0.000000	0.000012	0.000225	0.000007	0.000012	0.000008	0.000008	0.000001	0.000007	0.000011	0.000000	0.000000	0.000001	0.000001	0.000076	0.000043	0.000049
55	S	O	0.999576	0.000000	0.000007	0.000161	0.000008	0.000014	0.000009	0.000010	0.000001	0.000009	0.000015	0.000000	0.000000	0.000001	0.000002	0.000084	0.000048	0.000062
56	Q	O	0.999593	0.000000	0.000004	0.000109	0.000010	0.000016	0.000012	0.000013	0.000002	0.000011	0.000019	0.000001	0.000000	0.000001	0.000002	0.000092	0.000052	0.000070
57	E	O	0.999592	0.000000	0.000002	0.000072	0.000011	0.000019	0.000013	0.000017	0.000002	0.000014	0.000023	0.000001	0.000000	0.000002	0.000003	0.000100	0.000059	0.000079
58	A	O	0.999562	0.000000	0.000001	0.000048	0.000012	0.000022	0.000016	0.000024	0.000003	0.000020	0.000029	0.000001	0.000000	0.000003	0.000004	0.000105	0.000069	0.000089
59	I	O	0.999517	0.000000	0.000001	0.000030	0.000012	0.000026	0.000019	0.000030	0.000004	0.000029	0.000038	0.000001	0.000000	0.000004	0.000006	0.000111	0.000075	0.000103
60	A	O	0.999445	0.000000	0.000000	0.000020	0.000014	0.000031	0.000021	0.000043	0.000005	0.000037	0.000055	0.000002	0.000000	0.000005	0.000008	0.000122	0.000080	0.000114
61	Y	O	0.999368	0.000000	0.000000	0.000012	0.000016	0.000033	0.000027	0.000057	0.000007	0.000052	0.000069	0.000002	0.000001	0.000007	0.000011	0.000136	0.000083	0.000124
62	S	O	0.999238	0.000000	0.000000	0.000007	0.000018	0.000039	0.000031	0.000078	0.000007	0.000077	0.000097	0.000003	0.000001	0.000010	0.000016	0.000156	0.000091	0.000135
63	L	O	0.999075	0.000000	0.000000	0.000004	0.000019	0.000047	0.000035	0.000093	0.000010	0.000111	0.000135	0.000003	0.000001	0.000015	0.000022	0.000176	0.000110	0.000144
64	K	O	0.998799	0.000000	0.000000	0.000002	0.000020	0.000057	0.000047	0.000123	0.000012	0.000141	0.000222	0.000004	0.000001	0.000021	0.000035	0.000219	0.000123	0.000178
65	F	O	0.998508	0.000000	0.000000	0.000001	0.000016	0.000067	0.000058	0.000146	0.000009	0.000200	0.000302	0.000003	0.000000	0.000029	0.000052	0.000239	0.000167	0.000203
66	V	O	0.998182	0.000000	0.000000	0.000001	0.000009	0.000077	0.000075	0.000129	0.000006	0.000276	0.000423	0.000002	0.000000	0.000039	0.000077	0.000216	0.000223	0.000263
67	D	O	0.997925	0.000000	0.000000	0.000000	0.000000	0.000079	0.000090	0.000083	0.000000	0.000292	0.000627	0.000000	0.000000	0.000048	0.000109	0.000152	0.000258	0.000337
68	D	O	0.997765	0.000000	0.000000	0.000000	0.000000	0.000063	0.000120	0.000000	0.000000	0.000248	0.000856	0.000000	0.000000	0.000052	0.000168	0.000000	0.000284	0.000441
69	D	O	0.997769	0.000000	0.000000	0.000000	0.000000	0.000000	0.000209	0.000000	0.000000	0.000000	0.001075	0.000000	0.000000	0.000000	0.000323	0.000000	0.000000	0.000622
70	Q	O	0.999998	0.000000	0.000000	0.000000	0.000000	0.000000	0.000000	0.000000	0.000000	0.000000	0.000000	0.000000	0.000000	0.000000	0.000000	0.000000	0.000000	0.000000
