# Name=gene-SYNPCC7002_RS11490
# pos	aa	label	Other	Sec/SPI n	Sec/SPI h	Sec/SPI c	Sec/SPII n	Sec/SPII h	Sec/SPII cys	Tat/SPI n	Tat/SPI RR	Tat/SPI h	Tat/SPI c	Tat/SPII n	Tat/SPII RR	Tat/SPII h	Tat/SPII cys	Sec/SPIII P	Sec/SPIII cons.	Sec/SPIII h
1	V	N	0.134618	0.860497	0.000000	0.000000	0.004722	0.000000	0.000000	0.000098	0.000000	0.000000	0.000000	0.000000	0.000000	0.000000	0.000000	0.000001	0.000000	0.000000
2	K	N	0.134618	0.849596	0.010904	0.000000	0.004624	0.000098	0.000000	0.000074	0.000019	0.000006	0.000000	0.000000	0.000000	0.000000	0.000000	0.000001	0.000000	0.000000
3	K	N	0.134618	0.806298	0.054199	0.000003	0.004259	0.000463	0.000000	0.000041	0.000043	0.000014	0.000000	0.000000	0.000000	0.000000	0.000000	0.000001	0.000000	0.000000
4	S	H	0.134619	0.368632	0.491870	0.000004	0.001799	0.002922	0.000001	0.000062	0.000008	0.000028	0.000000	0.000000	0.000000	0.000000	0.000000	0.000000	0.000000	0.000000
5	W	H	0.134623	0.062717	0.797775	0.000010	0.000436	0.004284	0.000001	0.000027	0.000012	0.000060	0.000000	0.000000	0.000000	0.000000	0.000000	0.000000	0.000001	0.000000
6	F	H	0.134630	0.013845	0.846626	0.000025	0.000124	0.004590	0.000006	0.000019	0.000007	0.000072	0.000000	0.000000	0.000000	0.000000	0.000000	0.000000	0.000000	0.000000
7	A	H	0.134649	0.003403	0.857031	0.000043	0.000038	0.004657	0.000018	0.000014	0.000005	0.000080	0.000000	0.000000	0.000000	0.000000	0.000000	0.000000	0.000000	0.000000
8	V	H	0.134693	0.000797	0.859604	0.000053	0.000011	0.004654	0.000031	0.000010	0.000004	0.000085	0.000000	0.000000	0.000000	0.000000	0.000000	0.000000	0.000000	0.000000
9	G	H	0.134752	0.000199	0.860155	0.000077	0.000003	0.004631	0.000030	0.000007	0.000003	0.000088	0.000000	0.000000	0.000000	0.000000	0.000000	0.000000	0.000000	0.000000
10	A	H	0.134824	0.000052	0.860234	0.000100	0.000001	0.004581	0.000053	0.000006	0.000002	0.000090	0.000000	0.000000	0.000000	0.000000	0.000000	0.000000	0.000000	0.000000
11	I	H	0.134926	0.000012	0.860188	0.000137	0.000000	0.004511	0.000071	0.000004	0.000002	0.000092	0.000000	0.000000	0.000000	0.000000	0.000000	0.000000	0.000000	0.000000
12	A	H	0.135052	0.000003	0.860031	0.000250	0.000000	0.004422	0.000089	0.000003	0.000001	0.000093	0.000000	0.000000	0.000000	0.000000	0.000000	0.000000	0.000000	0.000000
13	F	H	0.135225	0.000001	0.859716	0.000486	0.000000	0.004311	0.000110	0.000003	0.000001	0.000094	0.000000	0.000000	0.000000	0.000000	0.000000	0.000000	0.000000	0.000000
14	L	H	0.135446	0.000000	0.859008	0.001083	0.000000	0.004207	0.000104	0.000002	0.000001	0.000095	0.000000	0.000000	0.000000	0.000000	0.000000	0.000000	0.000000	0.000000
15	L	H	0.135674	0.000000	0.856678	0.003289	0.000000	0.004095	0.000112	0.000002	0.000000	0.000095	0.000001	0.000000	0.000000	0.000000	0.000000	0.000000	0.000000	0.000000
16	G	H	0.135941	0.000000	0.848942	0.010870	0.000000	0.003933	0.000162	0.000001	0.000000	0.000095	0.000001	0.000000	0.000000	0.000000	0.000000	0.000000	0.000000	0.000000
17	V	H	0.136413	0.000000	0.830568	0.028935	0.000000	0.003665	0.000268	0.000001	0.000000	0.000094	0.000003	0.000000	0.000000	0.000000	0.000000	0.000000	0.000000	0.000000
18	G	H	0.137079	0.000000	0.786930	0.072179	0.000000	0.003392	0.000273	0.000001	0.000000	0.000092	0.000005	0.000000	0.000000	0.000000	0.000000	0.000000	0.000000	0.000000
19	G	H	0.138282	0.000000	0.732666	0.125509	0.000000	0.002891	0.000501	0.000001	0.000000	0.000088	0.000008	0.000000	0.000000	0.000000	0.000000	0.000000	0.000000	0.000000
20	I	H	0.140504	0.000000	0.681493	0.174959	0.000000	0.002359	0.000532	0.000000	0.000000	0.000085	0.000012	0.000000	0.000000	0.000000	0.000000	0.000000	0.000000	0.000000
21	A	H	0.142473	0.000000	0.597095	0.257919	0.000000	0.002039	0.000320	0.000000	0.000000	0.000077	0.000019	0.000000	0.000000	0.000000	0.000000	0.000000	0.000000	0.000000
22	A	H	0.144114	0.000000	0.483310	0.370386	0.000000	0.001131	0.000908	0.000000	0.000000	0.000066	0.000030	0.000000	0.000000	0.000000	0.000000	0.000000	0.000000	0.000000
23	F	H	0.147844	0.000000	0.360200	0.490674	0.000000	0.000440	0.000691	0.000000	0.000000	0.000053	0.000043	0.000000	0.000000	0.000000	0.000000	0.000000	0.000000	0.000000
24	S	C	0.150277	0.000000	0.055514	0.793622	0.000000	0.000243	0.000196	0.000000	0.000000	0.000024	0.000072	0.000000	0.000000	0.000000	0.000000	0.000000	0.000000	0.000000
25	Q	C	0.158987	0.000000	0.012366	0.828258	0.000000	0.000078	0.000165	0.000000	0.000000	0.000009	0.000085	0.000000	0.000000	0.000000	0.000000	0.000000	0.000000	0.000000
26	S	C	0.168481	0.000000	0.000921	0.830371	0.000000	0.000041	0.000037	0.000000	0.000000	0.000002	0.000090	0.000000	0.000000	0.000000	0.000000	0.000000	0.000000	0.000000
27	Q	C	0.192597	0.000000	0.000068	0.807154	0.000000	0.000019	0.000022	0.000000	0.000000	0.000000	0.000087	0.000000	0.000000	0.000000	0.000000	0.000000	0.000000	0.000000
28	A	C	0.248279	0.000000	0.000003	0.751570	0.000000	0.000006	0.000013	0.000000	0.000000	0.000000	0.000075	0.000000	0.000000	0.000000	0.000000	0.000000	0.000000	0.000000
29	Q	O	0.928925	0.000000	0.000003	0.071000	0.000000	0.000001	0.000005	0.000000	0.000000	0.000000	0.000014	0.000000	0.000000	0.000000	0.000000	0.000000	0.000000	0.000000
30	G	O	0.972881	0.000000	0.000002	0.027059	0.000000	0.000000	0.000001	0.000000	0.000000	0.000000	0.000004	0.000000	0.000000	0.000000	0.000000	0.000000	0.000000	0.000000
31	D	O	0.988244	0.000000	0.000002	0.011696	0.000000	0.000000	0.000000	0.000000	0.000000	0.000000	0.000001	0.000000	0.000000	0.000000	0.000000	0.000000	0.000000	0.000000
32	Q	O	0.992521	0.000000	0.000001	0.007423	0.000000	0.000000	0.000000	0.000000	0.000000	0.000000	0.000001	0.000000	0.000000	0.000000	0.000000	0.000000	0.000000	0.000000
33	L	O	0.994641	0.000000	0.000001	0.005301	0.000000	0.000000	0.000000	0.000000	0.000000	0.000000	0.000000	0.000000	0.000000	0.000000	0.000000	0.000000	0.000000	0.000000
34	R	O	0.996019	0.000000	0.000001	0.003926	0.000000	0.000000	0.000000	0.000000	0.000000	0.000000	0.000000	0.000000	0.000000	0.000000	0.000000	0.000000	0.000000	0.000000
35	L	O	0.996980	0.000000	0.000001	0.002968	0.000000	0.000000	0.000000	0.000000	0.000000	0.000000	0.000001	0.000000	0.000000	0.000000	0.000000	0.000000	0.000000	0.000000
36	V	O	0.997710	0.000000	0.000000	0.002237	0.000000	0.000000	0.000000	0.000001	0.000000	0.000000	0.000001	0.000000	0.000000	0.000000	0.000000	0.000000	0.000000	0.000000
37	E	O	0.998239	0.000000	0.000000	0.001709	0.000000	0.000000	0.000000	0.000001	0.000000	0.000001	0.000001	0.000000	0.000000	0.000000	0.000000	0.000000	0.000000	0.000000
38	N	O	0.998624	0.000000	0.000000	0.001324	0.000000	0.000000	0.000000	0.000001	0.000000	0.000001	0.000001	0.000000	0.000000	0.000000	0.000000	0.000000	0.000000	0.000000
39	Q	O	0.998914	0.000000	0.000000	0.001032	0.000000	0.000000	0.000000	0.000001	0.000000	0.000001	0.000001	0.000000	0.000000	0.000000	0.000000	0.000000	0.000000	0.000000
40	T	O	0.999126	0.000000	0.000000	0.000823	0.000000	0.000000	0.000000	0.000002	0.000000	0.000001	0.000002	0.000000	0.000000	0.000000	0.000000	0.000000	0.000000	0.000000
41	P	O	0.999287	0.000000	0.000000	0.000664	0.000000	0.000001	0.000000	0.000003	0.000000	0.000002	0.000003	0.000000	0.000000	0.000000	0.000000	0.000000	0.000000	0.000000
42	V	O	0.999424	0.000000	0.000000	0.000527	0.000000	0.000001	0.000000	0.000003	0.000000	0.000003	0.000004	0.000000	0.000000	0.000000	0.000000	0.000000	0.000000	0.000000
43	P	O	0.999521	0.000000	0.000000	0.000425	0.000001	0.000001	0.000001	0.000003	0.000000	0.000003	0.000005	0.000000	0.000000	0.000000	0.000000	0.000000	0.000000	0.000000
44	S	O	0.999608	0.000000	0.000000	0.000340	0.000001	0.000001	0.000001	0.000004	0.000000	0.000004	0.000007	0.000000	0.000000	0.000000	0.000000	0.000000	0.000000	0.000000
45	Q	O	0.999677	0.000000	0.000000	0.000268	0.000001	0.000001	0.000001	0.000004	0.000000	0.000005	0.000009	0.000000	0.000000	0.000000	0.000000	0.000000	0.000000	0.000000
46	A	O	0.999736	0.000000	0.000000	0.000209	0.000001	0.000002	0.000001	0.000005	0.000000	0.000005	0.000011	0.000000	0.000000	0.000000	0.000000	0.000000	0.000000	0.000000
47	I	O	0.999794	0.000000	0.000000	0.000151	0.000001	0.000002	0.000001	0.000005	0.000000	0.000006	0.000012	0.000000	0.000000	0.000000	0.000000	0.000000	0.000000	0.000000
48	A	O	0.999836	0.000000	0.000000	0.000106	0.000001	0.000002	0.000001	0.000005	0.000000	0.000005	0.000014	0.000000	0.000000	0.000000	0.000000	0.000000	0.000000	0.000000
49	A	O	0.999880	0.000000	0.000000	0.000064	0.000001	0.000002	0.000002	0.000005	0.000001	0.000006	0.000013	0.000000	0.000000	0.000000	0.000000	0.000000	0.000000	0.000000
50	E	O	0.999903	0.000000	0.000000	0.000038	0.000001	0.000002	0.000002	0.000006	0.000001	0.000007	0.000014	0.000000	0.000000	0.000000	0.000000	0.000001	0.000000	0.000000
51	V	O	0.999916	0.000000	0.000000	0.000022	0.000001	0.000003	0.000002	0.000007	0.000001	0.000008	0.000016	0.000000	0.000000	0.000000	0.000000	0.000001	0.000000	0.000000
52	Y	O	0.999914	0.000000	0.000000	0.000013	0.000002	0.000003	0.000002	0.000008	0.000001	0.000010	0.000019	0.000000	0.000000	0.000000	0.000000	0.000001	0.000000	0.000000
53	R	O	0.999909	0.000000	0.000000	0.000007	0.000003	0.000004	0.000003	0.000010	0.000001	0.000011	0.000026	0.000000	0.000000	0.000000	0.000000	0.000002	0.000001	0.000001
54	T	O	0.999899	0.000000	0.000000	0.000004	0.000003	0.000006	0.000004	0.000013	0.000001	0.000014	0.000029	0.000000	0.000000	0.000000	0.000000	0.000002	0.000001	0.000001
55	P	O	0.999880	0.000000	0.000000	0.000002	0.000004	0.000008	0.000005	0.000017	0.000002	0.000017	0.000038	0.000000	0.000000	0.000000	0.000001	0.000003	0.000001	0.000001
56	T	O	0.999847	0.000000	0.000000	0.000001	0.000005	0.000012	0.000007	0.000022	0.000002	0.000025	0.000046	0.000000	0.000000	0.000001	0.000001	0.000004	0.000002	0.000002
57	C	O	0.999797	0.000000	0.000000	0.000000	0.000005	0.000017	0.000014	0.000029	0.000003	0.000033	0.000065	0.000000	0.000000	0.000001	0.000002	0.000006	0.000003	0.000003
58	G	O	0.999731	0.000000	0.000000	0.000000	0.000006	0.000024	0.000020	0.000039	0.000003	0.000042	0.000093	0.000000	0.000000	0.000002	0.000003	0.000008	0.000004	0.000005
59	C	O	0.999635	0.000000	0.000000	0.000000	0.000008	0.000025	0.000040	0.000052	0.000006	0.000058	0.000121	0.000001	0.000000	0.000003	0.000006	0.000012	0.000007	0.000008
60	C	O	0.999478	0.000000	0.000000	0.000000	0.000011	0.000029	0.000057	0.000080	0.000009	0.000082	0.000177	0.000001	0.000000	0.000004	0.000011	0.000020	0.000011	0.000014
61	G	O	0.999265	0.000000	0.000000	0.000000	0.000014	0.000039	0.000060	0.000127	0.000012	0.000122	0.000246	0.000001	0.000000	0.000007	0.000017	0.000033	0.000016	0.000021
62	A	O	0.998934	0.000000	0.000000	0.000000	0.000018	0.000053	0.000081	0.000187	0.000018	0.000192	0.000356	0.000002	0.000000	0.000010	0.000026	0.000051	0.000026	0.000031
63	W	O	0.998411	0.000000	0.000000	0.000000	0.000022	0.000070	0.000114	0.000271	0.000020	0.000307	0.000544	0.000002	0.000001	0.000016	0.000041	0.000078	0.000042	0.000050
64	V	O	0.997725	0.000000	0.000000	0.000000	0.000022	0.000095	0.000144	0.000324	0.000024	0.000476	0.000834	0.000003	0.000001	0.000026	0.000065	0.000108	0.000070	0.000078
65	D	O	0.996782	0.000000	0.000000	0.000000	0.000020	0.000123	0.000200	0.000361	0.000024	0.000622	0.001346	0.000003	0.000000	0.000039	0.000099	0.000140	0.000106	0.000125
66	H	O	0.995692	0.000000	0.000000	0.000000	0.000010	0.000138	0.000279	0.000346	0.000015	0.000747	0.002043	0.000002	0.000000	0.000054	0.000160	0.000148	0.000156	0.000201
67	A	O	0.994802	0.000000	0.000000	0.000000	0.000000	0.000145	0.000326	0.000224	0.000000	0.000823	0.002749	0.000000	0.000000	0.000071	0.000251	0.000090	0.000211	0.000298
68	E	O	0.994276	0.000000	0.000000	0.000000	0.000000	0.000091	0.000460	0.000000	0.000000	0.000650	0.003457	0.000000	0.000000	0.000069	0.000378	0.000000	0.000181	0.000433
69	A	O	0.995048	0.000000	0.000000	0.000000	0.000000	0.000000	0.000462	0.000000	0.000000	0.000000	0.003440	0.000000	0.000000	0.000000	0.000593	0.000000	0.000000	0.000452
70	N	O	0.999999	0.000000	0.000000	0.000000	0.000000	0.000000	0.000000	0.000000	0.000000	0.000000	0.000000	0.000000	0.000000	0.000000	0.000000	0.000000	0.000000	0.000000
