# Name=gene-SYNPCC7002_RS17040
# pos	aa	label	Other	Sec/SPI n	Sec/SPI h	Sec/SPI c	Sec/SPII n	Sec/SPII h	Sec/SPII cys	Tat/SPI n	Tat/SPI RR	Tat/SPI h	Tat/SPI c	Tat/SPII n	Tat/SPII RR	Tat/SPII h	Tat/SPII cys	Sec/SPIII P	Sec/SPIII cons.	Sec/SPIII h
1	T	O	0.986382	0.013519	0.000000	0.000000	0.000019	0.000000	0.000000	0.000000	0.000000	0.000000	0.000000	0.000000	0.000000	0.000000	0.000000	0.000058	0.000000	0.000000
2	E	O	0.986385	0.013087	0.000433	0.000000	0.000015	0.000004	0.000000	0.000000	0.000000	0.000000	0.000000	0.000000	0.000000	0.000000	0.000000	0.000052	0.000006	0.000000
3	T	O	0.986386	0.012699	0.000764	0.000056	0.000012	0.000008	0.000000	0.000000	0.000000	0.000000	0.000000	0.000000	0.000000	0.000000	0.000000	0.000047	0.000008	0.000004
4	F	O	0.986399	0.012397	0.000969	0.000146	0.000009	0.000010	0.000000	0.000000	0.000000	0.000000	0.000000	0.000000	0.000000	0.000000	0.000000	0.000041	0.000008	0.000006
5	F	O	0.986425	0.012161	0.001080	0.000251	0.000007	0.000011	0.000001	0.000000	0.000000	0.000000	0.000000	0.000000	0.000000	0.000000	0.000000	0.000036	0.000008	0.000006
6	P	O	0.986464	0.011982	0.001107	0.000368	0.000005	0.000012	0.000001	0.000000	0.000000	0.000000	0.000000	0.000000	0.000000	0.000000	0.000000	0.000032	0.000007	0.000007
7	A	O	0.986528	0.011842	0.001094	0.000467	0.000004	0.000011	0.000001	0.000000	0.000000	0.000000	0.000000	0.000000	0.000000	0.000000	0.000000	0.000028	0.000006	0.000006
8	I	O	0.986608	0.011739	0.001034	0.000559	0.000003	0.000010	0.000002	0.000000	0.000000	0.000000	0.000000	0.000000	0.000000	0.000000	0.000000	0.000025	0.000006	0.000005
9	A	O	0.986693	0.011664	0.000921	0.000667	0.000003	0.000009	0.000001	0.000000	0.000000	0.000000	0.000000	0.000000	0.000000	0.000000	0.000000	0.000022	0.000005	0.000005
10	S	O	0.986808	0.011604	0.000819	0.000720	0.000003	0.000008	0.000002	0.000000	0.000000	0.000000	0.000000	0.000000	0.000000	0.000000	0.000000	0.000019	0.000004	0.000004
11	L	O	0.986950	0.011550	0.000743	0.000710	0.000002	0.000007	0.000002	0.000000	0.000000	0.000000	0.000000	0.000000	0.000000	0.000000	0.000000	0.000017	0.000003	0.000003
12	G	O	0.987082	0.011505	0.000661	0.000710	0.000002	0.000006	0.000001	0.000000	0.000000	0.000000	0.000000	0.000000	0.000000	0.000000	0.000000	0.000015	0.000003	0.000003
13	S	O	0.987215	0.011463	0.000595	0.000688	0.000002	0.000005	0.000001	0.000000	0.000000	0.000000	0.000000	0.000000	0.000000	0.000000	0.000000	0.000014	0.000003	0.000003
14	M	O	0.987350	0.011419	0.000553	0.000640	0.000002	0.000004	0.000001	0.000000	0.000000	0.000000	0.000000	0.000000	0.000000	0.000000	0.000000	0.000012	0.000002	0.000002
15	K	O	0.987488	0.011368	0.000542	0.000571	0.000002	0.000003	0.000001	0.000000	0.000000	0.000000	0.000000	0.000000	0.000000	0.000000	0.000000	0.000011	0.000002	0.000002
16	G	O	0.987625	0.011300	0.000568	0.000478	0.000002	0.000003	0.000000	0.000000	0.000000	0.000000	0.000000	0.000000	0.000000	0.000000	0.000000	0.000010	0.000002	0.000002
17	K	O	0.987750	0.011219	0.000617	0.000385	0.000001	0.000003	0.000000	0.000000	0.000000	0.000000	0.000000	0.000000	0.000000	0.000000	0.000000	0.000009	0.000001	0.000001
18	A	O	0.987863	0.011116	0.000695	0.000303	0.000001	0.000003	0.000000	0.000000	0.000000	0.000000	0.000000	0.000000	0.000000	0.000000	0.000000	0.000008	0.000001	0.000001
19	I	O	0.987958	0.011006	0.000784	0.000230	0.000001	0.000003	0.000000	0.000000	0.000000	0.000000	0.000000	0.000000	0.000000	0.000000	0.000000	0.000008	0.000001	0.000001
20	T	O	0.988016	0.010903	0.000857	0.000206	0.000001	0.000003	0.000000	0.000000	0.000000	0.000000	0.000000	0.000000	0.000000	0.000000	0.000000	0.000007	0.000001	0.000001
21	L	O	0.988063	0.010793	0.000940	0.000187	0.000001	0.000002	0.000000	0.000000	0.000000	0.000000	0.000000	0.000000	0.000000	0.000000	0.000000	0.000006	0.000001	0.000001
22	W	O	0.988101	0.010696	0.001005	0.000180	0.000001	0.000002	0.000000	0.000000	0.000000	0.000000	0.000000	0.000000	0.000000	0.000000	0.000000	0.000006	0.000001	0.000001
23	S	O	0.988135	0.010596	0.001070	0.000180	0.000001	0.000002	0.000000	0.000000	0.000000	0.000000	0.000000	0.000000	0.000000	0.000000	0.000000	0.000005	0.000001	0.000001
24	F	O	0.988173	0.010480	0.001156	0.000173	0.000001	0.000002	0.000000	0.000000	0.000000	0.000000	0.000000	0.000000	0.000000	0.000000	0.000000	0.000005	0.000001	0.000001
25	R	O	0.988207	0.010364	0.001240	0.000172	0.000001	0.000002	0.000000	0.000000	0.000000	0.000000	0.000000	0.000000	0.000000	0.000000	0.000000	0.000004	0.000001	0.000001
26	L	O	0.988242	0.010230	0.001345	0.000167	0.000001	0.000002	0.000000	0.000000	0.000000	0.000000	0.000000	0.000000	0.000000	0.000000	0.000000	0.000003	0.000001	0.000001
27	L	O	0.988271	0.010108	0.001431	0.000173	0.000001	0.000002	0.000000	0.000000	0.000000	0.000000	0.000000	0.000000	0.000000	0.000000	0.000000	0.000003	0.000001	0.000001
28	T	O	0.988296	0.009981	0.001520	0.000185	0.000001	0.000002	0.000000	0.000000	0.000000	0.000000	0.000000	0.000000	0.000000	0.000000	0.000000	0.000003	0.000001	0.000001
29	M	O	0.988327	0.009825	0.001641	0.000189	0.000001	0.000002	0.000000	0.000000	0.000000	0.000000	0.000000	0.000000	0.000000	0.000000	0.000000	0.000002	0.000001	0.000001
30	K	O	0.988365	0.009613	0.001824	0.000185	0.000001	0.000002	0.000000	0.000000	0.000000	0.000000	0.000000	0.000000	0.000000	0.000000	0.000000	0.000002	0.000001	0.000001
31	I	O	0.988400	0.009026	0.002395	0.000167	0.000000	0.000002	0.000000	0.000000	0.000000	0.000000	0.000000	0.000000	0.000000	0.000000	0.000000	0.000001	0.000001	0.000001
32	T	O	0.988426	0.008192	0.003211	0.000157	0.000000	0.000002	0.000000	0.000000	0.000000	0.000000	0.000000	0.000000	0.000000	0.000000	0.000000	0.000000	0.000001	0.000001
33	A	O	0.988468	0.006390	0.005003	0.000124	0.000000	0.000002	0.000000	0.000000	0.000000	0.000000	0.000000	0.000000	0.000000	0.000000	0.000000	0.000000	0.000001	0.000001
34	L	O	0.988516	0.004273	0.007110	0.000088	0.000000	0.000002	0.000000	0.000000	0.000000	0.000000	0.000000	0.000000	0.000000	0.000000	0.000000	0.000000	0.000001	0.000001
35	R	O	0.988547	0.002910	0.008457	0.000072	0.000000	0.000002	0.000000	0.000000	0.000000	0.000000	0.000000	0.000000	0.000000	0.000000	0.000000	0.000000	0.000000	0.000001
36	S	O	0.988579	0.001144	0.010215	0.000045	0.000000	0.000002	0.000000	0.000000	0.000000	0.000000	0.000000	0.000000	0.000000	0.000000	0.000000	0.000000	0.000000	0.000001
37	M	O	0.988610	0.000263	0.011090	0.000023	0.000000	0.000002	0.000000	0.000000	0.000000	0.000000	0.000000	0.000000	0.000000	0.000000	0.000000	0.000000	0.000000	0.000000
38	L	O	0.988623	0.000046	0.011299	0.000015	0.000000	0.000002	0.000000	0.000000	0.000000	0.000000	0.000000	0.000000	0.000000	0.000000	0.000000	0.000000	0.000000	0.000000
39	L	O	0.988631	0.000008	0.011329	0.000014	0.000000	0.000002	0.000000	0.000000	0.000000	0.000000	0.000000	0.000000	0.000000	0.000000	0.000000	0.000000	0.000000	0.000000
40	L	O	0.988640	0.000001	0.011324	0.000015	0.000000	0.000002	0.000000	0.000000	0.000000	0.000000	0.000000	0.000000	0.000000	0.000000	0.000000	0.000000	0.000000	0.000000
41	G	O	0.988652	0.000000	0.011311	0.000020	0.000000	0.000002	0.000000	0.000000	0.000000	0.000000	0.000000	0.000000	0.000000	0.000000	0.000000	0.000000	0.000000	0.000000
42	L	O	0.988670	0.000000	0.011293	0.000026	0.000000	0.000002	0.000000	0.000000	0.000000	0.000000	0.000000	0.000000	0.000000	0.000000	0.000000	0.000000	0.000000	0.000000
43	F	O	0.988681	0.000000	0.011254	0.000052	0.000000	0.000002	0.000000	0.000000	0.000000	0.000000	0.000000	0.000000	0.000000	0.000000	0.000000	0.000000	0.000000	0.000000
44	S	O	0.988703	0.000000	0.011161	0.000125	0.000000	0.000002	0.000000	0.000000	0.000000	0.000000	0.000000	0.000000	0.000000	0.000000	0.000000	0.000000	0.000000	0.000000
45	S	O	0.988753	0.000000	0.011039	0.000203	0.000000	0.000002	0.000000	0.000000	0.000000	0.000000	0.000000	0.000000	0.000000	0.000000	0.000000	0.000000	0.000000	0.000000
46	G	O	0.988812	0.000000	0.010871	0.000310	0.000000	0.000002	0.000000	0.000000	0.000000	0.000000	0.000000	0.000000	0.000000	0.000000	0.000000	0.000000	0.000000	0.000000
47	G	O	0.988876	0.000000	0.010596	0.000518	0.000000	0.000003	0.000001	0.000000	0.000000	0.000000	0.000000	0.000000	0.000000	0.000000	0.000000	0.000000	0.000000	0.000000
48	I	O	0.988976	0.000000	0.010233	0.000780	0.000000	0.000003	0.000001	0.000000	0.000000	0.000000	0.000000	0.000000	0.000000	0.000000	0.000000	0.000000	0.000000	0.000000
49	L	O	0.989069	0.000000	0.009393	0.001532	0.000000	0.000003	0.000001	0.000000	0.000000	0.000000	0.000000	0.000000	0.000000	0.000000	0.000000	0.000000	0.000000	0.000001
50	L	O	0.989169	0.000000	0.007885	0.002941	0.000000	0.000003	0.000001	0.000000	0.000000	0.000000	0.000000	0.000000	0.000000	0.000000	0.000000	0.000000	0.000000	0.000001
51	A	O	0.989396	0.000000	0.005683	0.004916	0.000000	0.000002	0.000002	0.000000	0.000000	0.000000	0.000000	0.000000	0.000000	0.000000	0.000000	0.000000	0.000001	0.000001
52	P	O	0.989858	0.000000	0.003453	0.006686	0.000000	0.000001	0.000001	0.000000	0.000000	0.000000	0.000000	0.000000	0.000000	0.000000	0.000000	0.000000	0.000001	0.000001
53	S	O	0.990158	0.000000	0.001879	0.007958	0.000000	0.000001	0.000001	0.000000	0.000000	0.000000	0.000000	0.000000	0.000000	0.000000	0.000000	0.000001	0.000001	0.000001
54	P	O	0.990413	0.000000	0.000878	0.008703	0.000000	0.000001	0.000001	0.000000	0.000000	0.000001	0.000001	0.000000	0.000000	0.000000	0.000000	0.000001	0.000001	0.000001
55	N	O	0.990611	0.000000	0.000168	0.009214	0.000000	0.000001	0.000001	0.000000	0.000000	0.000001	0.000002	0.000000	0.000000	0.000000	0.000000	0.000001	0.000001	0.000002
56	Q	O	0.991080	0.000000	0.000025	0.008888	0.000000	0.000001	0.000001	0.000000	0.000000	0.000000	0.000002	0.000000	0.000000	0.000000	0.000000	0.000001	0.000001	0.000001
57	A	O	0.992630	0.000000	0.000005	0.007359	0.000000	0.000000	0.000001	0.000000	0.000000	0.000000	0.000002	0.000000	0.000000	0.000000	0.000000	0.000001	0.000001	0.000001
58	Q	O	0.997140	0.000000	0.000003	0.002851	0.000000	0.000000	0.000000	0.000000	0.000000	0.000000	0.000001	0.000000	0.000000	0.000000	0.000000	0.000001	0.000001	0.000001
59	T	O	0.998316	0.000000	0.000002	0.001673	0.000000	0.000000	0.000000	0.000000	0.000000	0.000000	0.000001	0.000000	0.000000	0.000000	0.000000	0.000002	0.000001	0.000001
60	L	O	0.999016	0.000000	0.000001	0.000973	0.000001	0.000001	0.000001	0.000001	0.000000	0.000001	0.000001	0.000000	0.000000	0.000000	0.000000	0.000003	0.000001	0.000001
61	L	O	0.999460	0.000000	0.000000	0.000527	0.000001	0.000001	0.000001	0.000001	0.000000	0.000001	0.000002	0.000000	0.000000	0.000000	0.000000	0.000004	0.000001	0.000002
62	A	O	0.999723	0.000000	0.000000	0.000256	0.000001	0.000001	0.000001	0.000002	0.000000	0.000001	0.000002	0.000000	0.000000	0.000000	0.000001	0.000005	0.000002	0.000002
63	Q	O	0.999874	0.000000	0.000000	0.000102	0.000001	0.000002	0.000001	0.000003	0.000000	0.000002	0.000003	0.000000	0.000000	0.000001	0.000001	0.000008	0.000003	0.000003
64	G	O	0.999907	0.000000	0.000000	0.000046	0.000002	0.000003	0.000002	0.000005	0.000001	0.000004	0.000004	0.000000	0.000000	0.000001	0.000002	0.000012	0.000004	0.000005
65	N	O	0.999910	0.000000	0.000000	0.000019	0.000002	0.000005	0.000002	0.000009	0.000001	0.000008	0.000007	0.000000	0.000000	0.000002	0.000003	0.000018	0.000008	0.000007
66	L	O	0.999877	0.000000	0.000000	0.000008	0.000002	0.000009	0.000003	0.000011	0.000001	0.000016	0.000014	0.000000	0.000000	0.000004	0.000004	0.000021	0.000017	0.000011
67	T	O	0.999824	0.000000	0.000000	0.000003	0.000000	0.000013	0.000009	0.000009	0.000000	0.000027	0.000029	0.000000	0.000000	0.000007	0.000008	0.000016	0.000030	0.000022
68	L	O	0.999803	0.000000	0.000000	0.000001	0.000000	0.000011	0.000015	0.000000	0.000000	0.000029	0.000046	0.000000	0.000000	0.000008	0.000014	0.000000	0.000035	0.000036
69	A	O	0.999797	0.000000	0.000000	0.000000	0.000000	0.000000	0.000029	0.000000	0.000000	0.000000	0.000078	0.000000	0.000000	0.000000	0.000031	0.000000	0.000000	0.000063
70	F	O	0.999997	0.000000	0.000000	0.000000	0.000000	0.000000	0.000000	0.000000	0.000000	0.000000	0.000000	0.000000	0.000000	0.000000	0.000000	0.000000	0.000000	0.000000
