# Name=gene-SYNPCC7002_RS15685
# pos	aa	label	Other	Sec/SPI n	Sec/SPI h	Sec/SPI c	Sec/SPII n	Sec/SPII h	Sec/SPII cys	Tat/SPI n	Tat/SPI RR	Tat/SPI h	Tat/SPI c	Tat/SPII n	Tat/SPII RR	Tat/SPII h	Tat/SPII cys	Sec/SPIII P	Sec/SPIII cons.	Sec/SPIII h
1	L	N	0.000141	0.034446	0.000000	0.000000	0.965418	0.000000	0.000000	0.000001	0.000000	0.000000	0.000000	0.000001	0.000000	0.000000	0.000000	0.000000	0.000000	0.000000
2	R	N	0.000140	0.029458	0.004988	0.000000	0.847641	0.117781	0.000000	0.000000	0.000000	0.000000	0.000000	0.000001	0.000000	0.000000	0.000000	0.000000	0.000000	0.000000
3	F	H	0.000140	0.017374	0.017071	0.000001	0.542386	0.423032	0.000000	0.000000	0.000000	0.000000	0.000000	0.000001	0.000000	0.000000	0.000000	0.000000	0.000000	0.000000
4	F	H	0.000141	0.013429	0.021009	0.000008	0.410609	0.554804	0.000007	0.000000	0.000000	0.000000	0.000000	0.000001	0.000000	0.000000	0.000000	0.000000	0.000000	0.000000
5	Q	H	0.000150	0.011244	0.023183	0.000016	0.332445	0.632926	0.000041	0.000000	0.000000	0.000000	0.000000	0.000001	0.000000	0.000000	0.000000	0.000000	0.000000	0.000000
6	L	H	0.000196	0.008152	0.026268	0.000017	0.226240	0.739042	0.000095	0.000000	0.000000	0.000000	0.000000	0.000000	0.000000	0.000000	0.000000	0.000000	0.000000	0.000000
7	P	H	0.000296	0.006304	0.028107	0.000021	0.163919	0.801265	0.000093	0.000000	0.000000	0.000000	0.000000	0.000000	0.000000	0.000000	0.000000	0.000000	0.000000	0.000000
8	Y	H	0.000397	0.003814	0.030591	0.000018	0.093167	0.871861	0.000159	0.000000	0.000000	0.000000	0.000000	0.000000	0.000000	0.000000	0.000000	0.000000	0.000000	0.000000
9	W	H	0.000564	0.001011	0.033391	0.000012	0.022289	0.942565	0.000177	0.000000	0.000000	0.000000	0.000000	0.000000	0.000000	0.000001	0.000000	0.000000	0.000000	0.000000
10	L	H	0.000746	0.000245	0.034152	0.000011	0.004292	0.960476	0.000092	0.000000	0.000000	0.000000	0.000000	0.000000	0.000000	0.000001	0.000000	0.000000	0.000000	0.000000
11	L	H	0.000842	0.000080	0.034307	0.000017	0.001144	0.963549	0.000075	0.000000	0.000000	0.000000	0.000000	0.000000	0.000000	0.000001	0.000000	0.000000	0.000000	0.000000
12	S	H	0.000922	0.000038	0.034325	0.000037	0.000464	0.964126	0.000113	0.000000	0.000000	0.000000	0.000000	0.000000	0.000000	0.000001	0.000000	0.000000	0.000000	0.000000
13	V	H	0.001047	0.000019	0.034314	0.000054	0.000200	0.964059	0.000331	0.000000	0.000000	0.000000	0.000000	0.000000	0.000000	0.000001	0.000000	0.000000	0.000000	0.000000
14	C	H	0.001394	0.000009	0.034289	0.000072	0.000080	0.963428	0.000756	0.000000	0.000000	0.000000	0.000000	0.000000	0.000000	0.000001	0.000000	0.000000	0.000000	0.000000
15	G	H	0.002172	0.000004	0.034251	0.000092	0.000031	0.962822	0.000649	0.000000	0.000000	0.000000	0.000000	0.000000	0.000000	0.000001	0.000000	0.000000	0.000000	0.000000
16	F	H	0.002854	0.000002	0.034206	0.000104	0.000013	0.962148	0.000691	0.000000	0.000000	0.000000	0.000000	0.000000	0.000000	0.000001	0.000000	0.000000	0.000000	0.000000
17	L	H	0.003584	0.000001	0.034152	0.000119	0.000005	0.961676	0.000478	0.000000	0.000000	0.000000	0.000000	0.000000	0.000000	0.000001	0.000000	0.000000	0.000000	0.000000
18	I	H	0.004105	0.000000	0.034075	0.000152	0.000002	0.961103	0.000581	0.000000	0.000000	0.000000	0.000000	0.000000	0.000000	0.000001	0.000000	0.000000	0.000000	0.000000
19	V	H	0.004735	0.000000	0.033940	0.000237	0.000001	0.960639	0.000467	0.000000	0.000000	0.000000	0.000000	0.000000	0.000000	0.000001	0.000000	0.000000	0.000000	0.000000
20	I	H	0.005260	0.000000	0.033663	0.000455	0.000001	0.960220	0.000418	0.000000	0.000000	0.000000	0.000000	0.000000	0.000000	0.000001	0.000000	0.000000	0.000000	0.000000
21	L	H	0.005753	0.000000	0.032995	0.001047	0.000000	0.959778	0.000442	0.000000	0.000000	0.000000	0.000000	0.000000	0.000000	0.000001	0.000000	0.000000	0.000000	0.000000
22	L	H	0.006280	0.000000	0.030577	0.003379	0.000000	0.959444	0.000340	0.000000	0.000000	0.000000	0.000000	0.000000	0.000000	0.000001	0.000000	0.000000	0.000000	0.000000
23	G	H	0.006660	0.000000	0.007456	0.026459	0.000000	0.959240	0.000201	0.000000	0.000000	0.000000	0.000000	0.000000	0.000000	0.000001	0.000000	0.000000	0.000000	0.000000
24	A	H	0.008930	0.000000	0.003200	0.028645	0.000000	0.935609	0.023632	0.000000	0.000000	0.000000	0.000000	0.000000	0.000000	0.000001	0.000000	0.000000	0.000000	0.000000
25	C	c	0.036167	0.000000	0.000669	0.027570	0.000000	0.008283	0.927329	0.000000	0.000000	0.000000	0.000000	0.000000	0.000000	0.000000	0.000000	0.000000	0.000000	0.000000
26	A	O	0.979755	0.000000	0.000286	0.011693	0.000000	0.001219	0.007064	0.000000	0.000000	0.000000	0.000000	0.000000	0.000000	0.000000	0.000000	0.000000	0.000000	0.000000
27	G	O	0.994281	0.000000	0.000158	0.004360	0.000000	0.000186	0.001033	0.000000	0.000000	0.000000	0.000000	0.000000	0.000000	0.000000	0.000000	0.000000	0.000000	0.000000
28	E	O	0.997687	0.000000	0.000100	0.002036	0.000000	0.000038	0.000148	0.000000	0.000000	0.000000	0.000000	0.000000	0.000000	0.000000	0.000000	0.000000	0.000000	0.000000
29	M	O	0.998536	0.000000	0.000058	0.001381	0.000000	0.000011	0.000027	0.000000	0.000000	0.000000	0.000000	0.000000	0.000000	0.000000	0.000000	0.000000	0.000000	0.000000
30	P	O	0.998947	0.000000	0.000030	0.001019	0.000000	0.000004	0.000007	0.000000	0.000000	0.000000	0.000000	0.000000	0.000000	0.000000	0.000000	0.000000	0.000000	0.000000
31	E	O	0.999223	0.000000	0.000015	0.000767	0.000000	0.000002	0.000003	0.000000	0.000000	0.000000	0.000000	0.000000	0.000000	0.000000	0.000000	0.000000	0.000000	0.000000
32	T	O	0.999411	0.000000	0.000007	0.000590	0.000000	0.000001	0.000001	0.000000	0.000000	0.000000	0.000000	0.000000	0.000000	0.000000	0.000000	0.000000	0.000000	0.000000
33	P	O	0.999562	0.000000	0.000003	0.000439	0.000000	0.000001	0.000001	0.000000	0.000000	0.000000	0.000000	0.000000	0.000000	0.000000	0.000000	0.000000	0.000000	0.000000
34	V	O	0.999710	0.000000	0.000001	0.000293	0.000000	0.000001	0.000001	0.000000	0.000000	0.000000	0.000000	0.000000	0.000000	0.000000	0.000000	0.000000	0.000000	0.000000
35	A	O	0.999822	0.000000	0.000000	0.000183	0.000000	0.000001	0.000001	0.000000	0.000000	0.000000	0.000000	0.000000	0.000000	0.000000	0.000000	0.000000	0.000000	0.000000
36	T	O	0.999918	0.000000	0.000000	0.000088	0.000000	0.000001	0.000001	0.000000	0.000000	0.000000	0.000000	0.000000	0.000000	0.000000	0.000000	0.000000	0.000000	0.000000
37	D	O	0.999958	0.000000	0.000000	0.000048	0.000000	0.000001	0.000001	0.000000	0.000000	0.000000	0.000000	0.000000	0.000000	0.000000	0.000000	0.000000	0.000000	0.000000
38	C	O	0.999980	0.000000	0.000000	0.000026	0.000000	0.000001	0.000001	0.000000	0.000000	0.000000	0.000000	0.000000	0.000000	0.000000	0.000000	0.000000	0.000000	0.000000
39	R	O	0.999991	0.000000	0.000000	0.000015	0.000000	0.000001	0.000001	0.000000	0.000000	0.000000	0.000000	0.000000	0.000000	0.000000	0.000000	0.000000	0.000000	0.000000
40	E	O	1.000000	0.000000	0.000000	0.000009	0.000001	0.000001	0.000001	0.000000	0.000000	0.000000	0.000000	0.000000	0.000000	0.000000	0.000000	0.000000	0.000000	0.000000
41	V	O	0.999999	0.000000	0.000000	0.000006	0.000001	0.000002	0.000002	0.000000	0.000000	0.000000	0.000000	0.000000	0.000000	0.000000	0.000000	0.000000	0.000000	0.000000
42	P	O	0.999998	0.000000	0.000000	0.000004	0.000001	0.000002	0.000002	0.000000	0.000000	0.000000	0.000000	0.000000	0.000000	0.000000	0.000000	0.000000	0.000000	0.000000
43	H	O	0.999997	0.000000	0.000000	0.000003	0.000001	0.000003	0.000003	0.000000	0.000000	0.000000	0.000000	0.000000	0.000000	0.000000	0.000000	0.000000	0.000000	0.000000
44	L	O	0.999997	0.000000	0.000000	0.000002	0.000001	0.000003	0.000003	0.000000	0.000000	0.000000	0.000000	0.000000	0.000000	0.000000	0.000000	0.000000	0.000000	0.000000
45	M	O	0.999999	0.000000	0.000000	0.000001	0.000001	0.000003	0.000004	0.000000	0.000000	0.000000	0.000000	0.000000	0.000000	0.000000	0.000000	0.000000	0.000000	0.000000
46	G	O	0.999996	0.000000	0.000000	0.000001	0.000001	0.000004	0.000004	0.000000	0.000000	0.000000	0.000000	0.000000	0.000000	0.000000	0.000000	0.000000	0.000000	0.000000
47	S	O	0.999992	0.000000	0.000000	0.000000	0.000002	0.000004	0.000005	0.000000	0.000000	0.000000	0.000000	0.000000	0.000000	0.000000	0.000000	0.000000	0.000000	0.000000
48	T	O	0.999991	0.000000	0.000000	0.000000	0.000002	0.000005	0.000006	0.000000	0.000000	0.000000	0.000000	0.000000	0.000000	0.000000	0.000000	0.000000	0.000000	0.000000
49	T	O	0.999991	0.000000	0.000000	0.000000	0.000002	0.000006	0.000007	0.000000	0.000000	0.000000	0.000000	0.000000	0.000000	0.000000	0.000000	0.000000	0.000000	0.000000
50	V	O	0.999988	0.000000	0.000000	0.000000	0.000002	0.000007	0.000008	0.000000	0.000000	0.000000	0.000000	0.000000	0.000000	0.000000	0.000000	0.000000	0.000000	0.000000
51	C	O	0.999987	0.000000	0.000000	0.000000	0.000003	0.000008	0.000010	0.000000	0.000000	0.000000	0.000000	0.000000	0.000000	0.000000	0.000000	0.000000	0.000000	0.000000
52	G	O	0.999986	0.000000	0.000000	0.000000	0.000003	0.000010	0.000011	0.000000	0.000000	0.000000	0.000000	0.000000	0.000000	0.000000	0.000000	0.000000	0.000000	0.000000
53	T	O	0.999987	0.000000	0.000000	0.000000	0.000004	0.000011	0.000013	0.000000	0.000000	0.000000	0.000000	0.000000	0.000000	0.000000	0.000000	0.000000	0.000000	0.000000
54	P	O	0.999975	0.000000	0.000000	0.000000	0.000004	0.000013	0.000017	0.000000	0.000000	0.000000	0.000000	0.000000	0.000000	0.000000	0.000000	0.000000	0.000000	0.000000
55	Q	O	0.999969	0.000000	0.000000	0.000000	0.000005	0.000015	0.000020	0.000000	0.000000	0.000000	0.000000	0.000000	0.000000	0.000000	0.000000	0.000000	0.000000	0.000000
56	K	O	0.999959	0.000000	0.000000	0.000000	0.000006	0.000018	0.000023	0.000000	0.000000	0.000000	0.000001	0.000000	0.000000	0.000000	0.000000	0.000000	0.000000	0.000000
57	V	O	0.999951	0.000000	0.000000	0.000000	0.000006	0.000022	0.000027	0.000001	0.000000	0.000001	0.000001	0.000000	0.000000	0.000000	0.000000	0.000000	0.000000	0.000000
58	V	O	0.999940	0.000000	0.000000	0.000000	0.000007	0.000026	0.000032	0.000001	0.000000	0.000001	0.000001	0.000000	0.000000	0.000000	0.000000	0.000001	0.000000	0.000000
59	V	O	0.999929	0.000000	0.000000	0.000000	0.000007	0.000029	0.000038	0.000001	0.000000	0.000001	0.000002	0.000000	0.000000	0.000000	0.000001	0.000001	0.000000	0.000000
60	L	O	0.999924	0.000000	0.000000	0.000000	0.000007	0.000031	0.000043	0.000001	0.000000	0.000001	0.000002	0.000000	0.000000	0.000000	0.000001	0.000001	0.000000	0.000001
61	G	O	0.999911	0.000000	0.000000	0.000000	0.000007	0.000033	0.000051	0.000002	0.000000	0.000002	0.000003	0.000000	0.000000	0.000000	0.000001	0.000001	0.000001	0.000001
62	D	O	0.999896	0.000000	0.000000	0.000000	0.000008	0.000036	0.000059	0.000002	0.000000	0.000003	0.000004	0.000000	0.000000	0.000000	0.000001	0.000002	0.000001	0.000001
63	H	O	0.999875	0.000000	0.000000	0.000000	0.000008	0.000038	0.000071	0.000003	0.000000	0.000004	0.000006	0.000000	0.000000	0.000001	0.000002	0.000002	0.000001	0.000002
64	S	O	0.999857	0.000000	0.000000	0.000000	0.000007	0.000043	0.000076	0.000004	0.000000	0.000005	0.000009	0.000000	0.000000	0.000001	0.000002	0.000003	0.000002	0.000002
65	L	O	0.999831	0.000000	0.000000	0.000000	0.000005	0.000047	0.000092	0.000005	0.000000	0.000008	0.000012	0.000000	0.000000	0.000001	0.000003	0.000004	0.000003	0.000003
66	D	O	0.999795	0.000000	0.000000	0.000000	0.000001	0.000051	0.000109	0.000005	0.000000	0.000010	0.000020	0.000000	0.000000	0.000002	0.000005	0.000004	0.000004	0.000005
67	L	O	0.999755	0.000000	0.000000	0.000000	0.000000	0.000040	0.000141	0.000003	0.000000	0.000012	0.000029	0.000000	0.000000	0.000002	0.000007	0.000002	0.000005	0.000008
68	L	O	0.999762	0.000000	0.000000	0.000000	0.000000	0.000013	0.000156	0.000000	0.000000	0.000009	0.000039	0.000000	0.000000	0.000002	0.000010	0.000000	0.000005	0.000010
69	L	O	0.999878	0.000000	0.000000	0.000000	0.000000	0.000000	0.000059	0.000000	0.000000	0.000000	0.000038	0.000000	0.000000	0.000000	0.000015	0.000000	0.000000	0.000012
70	S	O	0.999999	0.000000	0.000000	0.000000	0.000000	0.000000	0.000000	0.000000	0.000000	0.000000	0.000000	0.000000	0.000000	0.000000	0.000000	0.000000	0.000000	0.000000
