# Name=gene-SYNPCC7002_RS00430
# pos	aa	label	Other	Sec/SPI n	Sec/SPI h	Sec/SPI c	Sec/SPII n	Sec/SPII h	Sec/SPII cys	Tat/SPI n	Tat/SPI RR	Tat/SPI h	Tat/SPI c	Tat/SPII n	Tat/SPII RR	Tat/SPII h	Tat/SPII cys	Sec/SPIII P	Sec/SPIII cons.	Sec/SPIII h
1	V	N	0.000227	0.000169	0.000000	0.000000	0.000731	0.000000	0.000000	0.261501	0.000000	0.000000	0.000000	0.737365	0.000000	0.000000	0.000000	0.000000	0.000000	0.000000
2	L	N	0.000227	0.000154	0.000015	0.000000	0.000604	0.000127	0.000000	0.246227	0.015274	0.000001	0.000000	0.615171	0.122188	0.000007	0.000000	0.000000	0.000000	0.000000
3	F	N	0.000227	0.000142	0.000026	0.000002	0.000512	0.000219	0.000000	0.246310	0.015191	0.000001	0.000000	0.606225	0.131128	0.000012	0.000000	0.000000	0.000000	0.000000
4	K	N	0.000227	0.000131	0.000033	0.000005	0.000441	0.000282	0.000008	0.243291	0.018210	0.000001	0.000000	0.603408	0.133942	0.000015	0.000001	0.000000	0.000000	0.000000
5	V	N	0.000238	0.000121	0.000038	0.000010	0.000376	0.000332	0.000015	0.245083	0.016417	0.000002	0.000000	0.613535	0.123809	0.000018	0.000002	0.000000	0.000000	0.000000
6	L	N	0.000257	0.000113	0.000038	0.000015	0.000330	0.000360	0.000017	0.246327	0.015172	0.000002	0.000001	0.604408	0.132932	0.000020	0.000003	0.000000	0.000000	0.000000
7	P	N	0.000279	0.000108	0.000035	0.000023	0.000296	0.000375	0.000019	0.249840	0.011659	0.000002	0.000001	0.629521	0.107813	0.000021	0.000003	0.000000	0.000000	0.000000
8	S	N	0.000304	0.000103	0.000033	0.000027	0.000268	0.000381	0.000022	0.245987	0.015511	0.000003	0.000001	0.611395	0.125933	0.000023	0.000004	0.000000	0.000000	0.000000
9	Y	N	0.000333	0.000098	0.000031	0.000030	0.000244	0.000382	0.000023	0.247610	0.013887	0.000004	0.000001	0.613512	0.123812	0.000025	0.000004	0.000000	0.000000	0.000000
10	T	N	0.000365	0.000094	0.000029	0.000032	0.000225	0.000384	0.000017	0.246068	0.015426	0.000004	0.000001	0.613701	0.123615	0.000029	0.000004	0.000000	0.000000	0.000000
11	L	N	0.000391	0.000090	0.000028	0.000032	0.000207	0.000385	0.000017	0.246213	0.015280	0.000006	0.000001	0.610749	0.126558	0.000035	0.000004	0.000000	0.000000	0.000000
12	S	N	0.000416	0.000086	0.000025	0.000033	0.000192	0.000386	0.000013	0.247590	0.013901	0.000007	0.000001	0.609732	0.127563	0.000043	0.000004	0.000000	0.000000	0.000000
13	E	N	0.000437	0.000083	0.000023	0.000033	0.000179	0.000389	0.000011	0.245385	0.016103	0.000009	0.000001	0.607114	0.130170	0.000054	0.000004	0.000000	0.000000	0.000000
14	N	N	0.000455	0.000079	0.000021	0.000033	0.000167	0.000392	0.000009	0.245502	0.015982	0.000012	0.000002	0.605971	0.131292	0.000072	0.000004	0.000000	0.000000	0.000000
15	L	N	0.000470	0.000076	0.000019	0.000034	0.000156	0.000397	0.000007	0.247187	0.014293	0.000015	0.000002	0.614871	0.122364	0.000097	0.000004	0.000000	0.000000	0.000000
16	V	N	0.000482	0.000074	0.000017	0.000034	0.000147	0.000401	0.000005	0.246623	0.014853	0.000019	0.000002	0.609769	0.127427	0.000134	0.000004	0.000000	0.000000	0.000000
17	T	N	0.000491	0.000072	0.000014	0.000035	0.000138	0.000405	0.000004	0.249734	0.011734	0.000025	0.000003	0.626417	0.110727	0.000186	0.000003	0.000000	0.000000	0.000000
18	T	N	0.000500	0.000070	0.000011	0.000035	0.000131	0.000410	0.000004	0.249071	0.012389	0.000033	0.000004	0.626529	0.110529	0.000272	0.000003	0.000000	0.000000	0.000000
19	E	N	0.000507	0.000068	0.000009	0.000035	0.000124	0.000414	0.000003	0.247668	0.013778	0.000046	0.000005	0.624654	0.112261	0.000417	0.000003	0.000000	0.000000	0.000000
20	S	N	0.000514	0.000066	0.000007	0.000033	0.000116	0.000420	0.000002	0.249340	0.012080	0.000070	0.000005	0.634432	0.102222	0.000677	0.000003	0.000000	0.000000	0.000000
21	V	N	0.000519	0.000065	0.000006	0.000031	0.000109	0.000426	0.000001	0.249661	0.011716	0.000111	0.000006	0.635939	0.100232	0.001163	0.000003	0.000000	0.000000	0.000000
22	Y	N	0.000524	0.000063	0.000005	0.000029	0.000102	0.000432	0.000001	0.251752	0.009554	0.000181	0.000007	0.636328	0.098916	0.002091	0.000003	0.000000	0.000000	0.000000
23	W	N	0.000529	0.000062	0.000005	0.000025	0.000095	0.000440	0.000001	0.254100	0.007058	0.000329	0.000007	0.648274	0.085040	0.004017	0.000003	0.000000	0.000000	0.000000
24	N	N	0.000536	0.000060	0.000006	0.000020	0.000087	0.000449	0.000001	0.253896	0.006881	0.000707	0.000007	0.638458	0.090072	0.008804	0.000002	0.000000	0.000000	0.000000
25	R	R	0.000541	0.000057	0.000007	0.000016	0.000080	0.000457	0.000002	0.042459	0.217350	0.001674	0.000008	0.196316	0.520728	0.020288	0.000004	0.000000	0.000000	0.000000
26	R	R	0.000547	0.000052	0.000011	0.000014	0.000067	0.000469	0.000002	0.018717	0.240134	0.002630	0.000008	0.135593	0.569852	0.031885	0.000007	0.000000	0.000000	0.000000
27	K	N	0.000556	0.000048	0.000014	0.000013	0.000057	0.000481	0.000001	0.225273	0.029911	0.006297	0.000007	0.499436	0.179215	0.058672	0.000007	0.000000	0.000000	0.000000
28	F	H	0.000568	0.000034	0.000027	0.000009	0.000034	0.000505	0.000001	0.100148	0.004739	0.156595	0.000006	0.297924	0.095526	0.343865	0.000011	0.000000	0.000000	0.000000
29	I	H	0.000581	0.000025	0.000036	0.000006	0.000021	0.000520	0.000000	0.013431	0.003251	0.244779	0.000025	0.126771	0.070833	0.539704	0.000006	0.000000	0.000000	0.000000
30	K	H	0.000593	0.000019	0.000041	0.000005	0.000016	0.000527	0.000000	0.005038	0.002124	0.254227	0.000090	0.082215	0.042616	0.612454	0.000025	0.000000	0.000000	0.000000
31	T	H	0.000645	0.000011	0.000047	0.000003	0.000009	0.000536	0.000000	0.003819	0.000493	0.256996	0.000145	0.061036	0.014645	0.661535	0.000073	0.000000	0.000000	0.000000
32	L	H	0.000763	0.000006	0.000052	0.000002	0.000005	0.000542	0.000000	0.001831	0.000296	0.259056	0.000224	0.029935	0.007632	0.699558	0.000091	0.000000	0.000000	0.000000
33	L	H	0.000924	0.000004	0.000054	0.000002	0.000003	0.000545	0.000000	0.000942	0.000178	0.259847	0.000369	0.015138	0.003999	0.717859	0.000124	0.000000	0.000000	0.000000
34	G	H	0.001164	0.000002	0.000054	0.000002	0.000003	0.000548	0.000000	0.000538	0.000101	0.259952	0.000627	0.007749	0.002222	0.726816	0.000209	0.000000	0.000000	0.000000
35	A	H	0.001583	0.000001	0.000054	0.000002	0.000002	0.000550	0.000000	0.000342	0.000059	0.259589	0.001018	0.004448	0.001082	0.730855	0.000399	0.000000	0.000000	0.000000
36	G	H	0.002332	0.000001	0.000053	0.000002	0.000002	0.000552	0.000000	0.000216	0.000034	0.258819	0.001588	0.002364	0.000543	0.732830	0.000649	0.000000	0.000000	0.000000
37	V	H	0.003567	0.000000	0.000052	0.000003	0.000002	0.000554	0.000000	0.000130	0.000024	0.257573	0.002345	0.001196	0.000264	0.733229	0.001050	0.000000	0.000000	0.000000
38	G	H	0.005484	0.000000	0.000051	0.000003	0.000002	0.000555	0.000000	0.000085	0.000013	0.255323	0.003784	0.000596	0.000113	0.732443	0.001536	0.000000	0.000000	0.000000
39	I	H	0.008414	0.000000	0.000049	0.000005	0.000001	0.000557	0.000001	0.000052	0.000009	0.251681	0.006067	0.000266	0.000037	0.730095	0.002751	0.000000	0.000000	0.000000
40	G	H	0.013220	0.000000	0.000044	0.000009	0.000001	0.000558	0.000001	0.000034	0.000005	0.244228	0.011487	0.000098	0.000005	0.725688	0.004611	0.000000	0.000000	0.000000
41	L	H	0.021469	0.000000	0.000036	0.000015	0.000000	0.000558	0.000002	0.000019	0.000006	0.229712	0.022379	0.000011	0.000003	0.717227	0.008549	0.000000	0.000000	0.000000
42	A	H	0.033953	0.000000	0.000013	0.000039	0.000000	0.000557	0.000001	0.000017	0.000003	0.174866	0.073296	0.000005	0.000001	0.701358	0.015875	0.000000	0.000000	0.000000
43	S	H	0.069346	0.000000	0.000007	0.000040	0.000000	0.000545	0.000013	0.000014	0.000001	0.137919	0.090737	0.000004	0.000001	0.608613	0.092748	0.000000	0.000000	0.000000
44	C	c	0.190888	0.000000	0.000003	0.000036	0.000000	0.000011	0.000535	0.000008	0.000002	0.105869	0.094016	0.000002	0.000001	0.082434	0.526180	0.000000	0.000000	0.000000
45	Q	O	0.761438	0.000000	0.000002	0.000022	0.000000	0.000003	0.000008	0.000007	0.000001	0.067307	0.088758	0.000002	0.000001	0.025714	0.056721	0.000000	0.000000	0.000000
46	S	O	0.852740	0.000000	0.000001	0.000016	0.000000	0.000001	0.000002	0.000006	0.000001	0.037499	0.084004	0.000001	0.000000	0.009390	0.016324	0.000000	0.000000	0.000000
47	Q	O	0.907575	0.000000	0.000001	0.000011	0.000000	0.000000	0.000001	0.000004	0.000001	0.022724	0.060275	0.000001	0.000000	0.003363	0.006028	0.000000	0.000000	0.000000
48	D	O	0.938508	0.000000	0.000000	0.000008	0.000000	0.000000	0.000000	0.000003	0.000000	0.013468	0.044634	0.000001	0.000000	0.001352	0.002011	0.000000	0.000000	0.000000
49	Q	O	0.958749	0.000000	0.000000	0.000006	0.000000	0.000000	0.000000	0.000003	0.000000	0.007868	0.032005	0.000001	0.000000	0.000559	0.000793	0.000000	0.000000	0.000000
50	Q	O	0.971166	0.000000	0.000000	0.000005	0.000000	0.000000	0.000000	0.000002	0.000000	0.004151	0.024098	0.000000	0.000000	0.000253	0.000306	0.000000	0.000000	0.000000
51	Y	O	0.980340	0.000000	0.000000	0.000004	0.000000	0.000000	0.000000	0.000002	0.000000	0.002180	0.017206	0.000000	0.000000	0.000119	0.000135	0.000000	0.000000	0.000000
52	S	O	0.986903	0.000000	0.000000	0.000003	0.000000	0.000000	0.000000	0.000001	0.000000	0.001027	0.011933	0.000000	0.000000	0.000058	0.000060	0.000000	0.000000	0.000000
53	A	O	0.992757	0.000000	0.000000	0.000002	0.000000	0.000000	0.000000	0.000001	0.000000	0.000565	0.006603	0.000000	0.000000	0.000026	0.000032	0.000000	0.000000	0.000000
54	L	O	0.996184	0.000000	0.000000	0.000001	0.000000	0.000000	0.000000	0.000001	0.000000	0.000332	0.003444	0.000000	0.000000	0.000012	0.000014	0.000000	0.000000	0.000000
55	R	O	0.997933	0.000000	0.000000	0.000001	0.000000	0.000000	0.000000	0.000001	0.000000	0.000193	0.001848	0.000000	0.000000	0.000006	0.000006	0.000000	0.000000	0.000000
56	E	O	0.998854	0.000000	0.000000	0.000000	0.000000	0.000000	0.000000	0.000001	0.000000	0.000115	0.001014	0.000000	0.000000	0.000003	0.000003	0.000000	0.000000	0.000000
57	T	O	0.999338	0.000000	0.000000	0.000000	0.000000	0.000000	0.000000	0.000001	0.000000	0.000069	0.000581	0.000000	0.000000	0.000002	0.000002	0.000000	0.000000	0.000000
58	L	O	0.999610	0.000000	0.000000	0.000000	0.000000	0.000000	0.000000	0.000001	0.000000	0.000041	0.000337	0.000000	0.000000	0.000001	0.000001	0.000000	0.000000	0.000000
59	D	O	0.999762	0.000000	0.000000	0.000000	0.000000	0.000000	0.000000	0.000001	0.000000	0.000024	0.000201	0.000000	0.000000	0.000001	0.000001	0.000000	0.000000	0.000000
60	L	O	0.999858	0.000000	0.000000	0.000000	0.000000	0.000000	0.000000	0.000001	0.000000	0.000015	0.000114	0.000000	0.000000	0.000000	0.000000	0.000000	0.000000	0.000000
61	P	O	0.999913	0.000000	0.000000	0.000000	0.000000	0.000000	0.000000	0.000001	0.000000	0.000009	0.000068	0.000000	0.000000	0.000000	0.000000	0.000000	0.000000	0.000000
62	K	O	0.999943	0.000000	0.000000	0.000000	0.000000	0.000000	0.000000	0.000001	0.000000	0.000006	0.000040	0.000000	0.000000	0.000000	0.000000	0.000000	0.000000	0.000000
63	L	O	0.999961	0.000000	0.000000	0.000000	0.000000	0.000000	0.000000	0.000001	0.000000	0.000004	0.000023	0.000000	0.000000	0.000000	0.000000	0.000000	0.000000	0.000000
64	D	O	0.999972	0.000000	0.000000	0.000000	0.000000	0.000000	0.000000	0.000001	0.000000	0.000003	0.000015	0.000000	0.000000	0.000000	0.000000	0.000000	0.000000	0.000000
65	A	O	0.999977	0.000000	0.000000	0.000000	0.000000	0.000000	0.000000	0.000001	0.000000	0.000002	0.000010	0.000000	0.000000	0.000000	0.000000	0.000000	0.000000	0.000000
66	I	O	0.999982	0.000000	0.000000	0.000000	0.000000	0.000000	0.000000	0.000001	0.000000	0.000002	0.000006	0.000000	0.000000	0.000000	0.000000	0.000000	0.000000	0.000000
67	K	O	0.999986	0.000000	0.000000	0.000000	0.000000	0.000000	0.000000	0.000000	0.000000	0.000001	0.000005	0.000000	0.000000	0.000000	0.000000	0.000000	0.000000	0.000001
68	N	O	0.999991	0.000000	0.000000	0.000000	0.000000	0.000000	0.000000	0.000000	0.000000	0.000001	0.000004	0.000000	0.000000	0.000000	0.000000	0.000000	0.000000	0.000001
69	P	O	0.999994	0.000000	0.000000	0.000000	0.000000	0.000000	0.000000	0.000000	0.000000	0.000000	0.000003	0.000000	0.000000	0.000000	0.000000	0.000000	0.000000	0.000001
70	D	O	1.000000	0.000000	0.000000	0.000000	0.000000	0.000000	0.000000	0.000000	0.000000	0.000000	0.000000	0.000000	0.000000	0.000000	0.000000	0.000000	0.000000	0.000000
