# Name=gene-SYNPCC7002_RS03440
# pos	aa	label	Other	Sec/SPI n	Sec/SPI h	Sec/SPI c	Sec/SPII n	Sec/SPII h	Sec/SPII cys	Tat/SPI n	Tat/SPI RR	Tat/SPI h	Tat/SPI c	Tat/SPII n	Tat/SPII RR	Tat/SPII h	Tat/SPII cys	Sec/SPIII P	Sec/SPIII cons.	Sec/SPIII h
1	A	O	0.733790	0.002741	0.000000	0.000000	0.000206	0.000000	0.000000	0.000001	0.000000	0.000000	0.000000	0.000000	0.000000	0.000000	0.000000	0.263273	0.000000	0.000000
2	L	O	0.733790	0.002558	0.000183	0.000000	0.000183	0.000023	0.000000	0.000001	0.000000	0.000000	0.000000	0.000000	0.000000	0.000000	0.000000	0.257259	0.006013	0.000000
3	L	O	0.733790	0.002463	0.000235	0.000043	0.000167	0.000040	0.000000	0.000001	0.000000	0.000000	0.000000	0.000000	0.000000	0.000000	0.000000	0.252263	0.006991	0.004018
4	D	O	0.736922	0.002396	0.000246	0.000097	0.000154	0.000051	0.000001	0.000001	0.000000	0.000000	0.000000	0.000000	0.000000	0.000000	0.000000	0.247371	0.007158	0.005618
5	S	O	0.741272	0.002333	0.000261	0.000140	0.000141	0.000061	0.000003	0.000001	0.000000	0.000000	0.000000	0.000000	0.000000	0.000000	0.000000	0.241766	0.007977	0.006063
6	K	O	0.745921	0.002272	0.000281	0.000171	0.000129	0.000069	0.000004	0.000001	0.000000	0.000000	0.000000	0.000000	0.000000	0.000000	0.000000	0.235671	0.008657	0.006842
7	G	O	0.751279	0.002196	0.000329	0.000185	0.000116	0.000078	0.000004	0.000000	0.000000	0.000000	0.000000	0.000000	0.000000	0.000000	0.000000	0.227995	0.010583	0.007257
8	R	O	0.757035	0.002094	0.000412	0.000180	0.000102	0.000088	0.000005	0.000000	0.000000	0.000000	0.000000	0.000000	0.000000	0.000000	0.000000	0.216272	0.015830	0.008009
9	L	O	0.763214	0.001968	0.000524	0.000167	0.000084	0.000101	0.000004	0.000000	0.000000	0.000000	0.000000	0.000000	0.000000	0.000000	0.000000	0.199380	0.023638	0.010944
10	F	O	0.771680	0.001848	0.000631	0.000146	0.000069	0.000111	0.000005	0.000000	0.000000	0.000000	0.000000	0.000000	0.000000	0.000000	0.000000	0.179317	0.030302	0.015914
11	G	O	0.784408	0.001713	0.000758	0.000118	0.000058	0.000118	0.000005	0.000000	0.000000	0.000000	0.000000	0.000000	0.000000	0.000000	0.000000	0.153754	0.040930	0.018165
12	K	O	0.798555	0.001527	0.000938	0.000080	0.000046	0.000116	0.000014	0.000000	0.000000	0.000000	0.000000	0.000000	0.000000	0.000000	0.000000	0.104408	0.074821	0.019521
13	V	O	0.813311	0.001052	0.001412	0.000047	0.000025	0.000124	0.000012	0.000000	0.000000	0.000000	0.000000	0.000000	0.000000	0.000000	0.000000	0.043217	0.112504	0.028323
14	S	O	0.834896	0.000629	0.001832	0.000027	0.000013	0.000126	0.000011	0.000000	0.000000	0.000000	0.000000	0.000000	0.000000	0.000000	0.000000	0.014032	0.112097	0.036366
15	I	O	0.853312	0.000201	0.002259	0.000011	0.000004	0.000120	0.000015	0.000000	0.000000	0.000000	0.000000	0.000000	0.000000	0.000000	0.000000	0.002445	0.084102	0.057557
16	L	O	0.866935	0.000050	0.002409	0.000006	0.000001	0.000105	0.000018	0.000000	0.000000	0.000000	0.000000	0.000000	0.000000	0.000000	0.000000	0.000457	0.043285	0.086758
17	D	O	0.886022	0.000016	0.002441	0.000005	0.000000	0.000089	0.000016	0.000000	0.000000	0.000000	0.000000	0.000000	0.000000	0.000000	0.000000	0.000044	0.022180	0.089211
18	L	O	0.895644	0.000004	0.002451	0.000003	0.000000	0.000072	0.000018	0.000000	0.000000	0.000000	0.000000	0.000000	0.000000	0.000000	0.000000	0.000009	0.004856	0.096972
19	G	O	0.904919	0.000001	0.002452	0.000004	0.000000	0.000057	0.000015	0.000000	0.000000	0.000000	0.000000	0.000000	0.000000	0.000000	0.000000	0.000002	0.001244	0.091332
20	A	O	0.910977	0.000000	0.002450	0.000004	0.000000	0.000043	0.000014	0.000000	0.000000	0.000000	0.000000	0.000000	0.000000	0.000000	0.000000	0.000000	0.000311	0.086226
21	L	O	0.916041	0.000000	0.002446	0.000006	0.000000	0.000031	0.000012	0.000000	0.000000	0.000000	0.000000	0.000000	0.000000	0.000000	0.000000	0.000000	0.000069	0.081423
22	L	O	0.921140	0.000000	0.002441	0.000008	0.000000	0.000023	0.000008	0.000000	0.000000	0.000000	0.000000	0.000000	0.000000	0.000000	0.000000	0.000000	0.000017	0.076390
23	I	O	0.925899	0.000000	0.002433	0.000012	0.000000	0.000017	0.000006	0.000000	0.000000	0.000000	0.000000	0.000000	0.000000	0.000000	0.000000	0.000000	0.000004	0.071653
24	I	O	0.930498	0.000000	0.002421	0.000018	0.000000	0.000012	0.000004	0.000000	0.000000	0.000000	0.000000	0.000000	0.000000	0.000000	0.000000	0.000000	0.000001	0.067068
25	L	O	0.935773	0.000000	0.002403	0.000029	0.000000	0.000009	0.000003	0.000000	0.000000	0.000000	0.000000	0.000000	0.000000	0.000000	0.000000	0.000000	0.000000	0.061800
26	G	O	0.942356	0.000000	0.002373	0.000048	0.000000	0.000007	0.000002	0.000000	0.000000	0.000000	0.000000	0.000000	0.000000	0.000000	0.000000	0.000000	0.000000	0.055230
27	V	O	0.949593	0.000000	0.002319	0.000087	0.000000	0.000005	0.000002	0.000000	0.000000	0.000000	0.000000	0.000000	0.000000	0.000000	0.000000	0.000000	0.000000	0.048016
28	V	O	0.959011	0.000000	0.002234	0.000149	0.000000	0.000004	0.000001	0.000000	0.000000	0.000000	0.000000	0.000000	0.000000	0.000000	0.000000	0.000000	0.000000	0.038622
29	F	O	0.967279	0.000000	0.002130	0.000221	0.000000	0.000003	0.000001	0.000000	0.000000	0.000000	0.000000	0.000000	0.000000	0.000000	0.000000	0.000000	0.000000	0.030384
30	G	O	0.974758	0.000000	0.002001	0.000308	0.000000	0.000002	0.000001	0.000000	0.000000	0.000000	0.000000	0.000000	0.000000	0.000000	0.000000	0.000000	0.000000	0.022947
31	I	O	0.979393	0.000000	0.001845	0.000414	0.000000	0.000002	0.000001	0.000000	0.000000	0.000000	0.000000	0.000000	0.000000	0.000000	0.000000	0.000000	0.000000	0.018361
32	F	O	0.982505	0.000000	0.001655	0.000553	0.000000	0.000001	0.000001	0.000000	0.000000	0.000000	0.000000	0.000000	0.000000	0.000000	0.000000	0.000000	0.000000	0.015301
33	F	O	0.984856	0.000000	0.001410	0.000740	0.000000	0.000001	0.000000	0.000000	0.000000	0.000000	0.000000	0.000000	0.000000	0.000000	0.000000	0.000000	0.000001	0.013010
34	L	O	0.987970	0.000000	0.001114	0.000958	0.000000	0.000000	0.000000	0.000000	0.000000	0.000000	0.000000	0.000000	0.000000	0.000000	0.000000	0.000000	0.000001	0.009971
35	P	O	0.994190	0.000000	0.000739	0.001208	0.000000	0.000000	0.000000	0.000000	0.000000	0.000000	0.000000	0.000000	0.000000	0.000000	0.000000	0.000000	0.000001	0.003876
36	G	O	0.997212	0.000000	0.000474	0.001281	0.000000	0.000000	0.000000	0.000000	0.000000	0.000000	0.000000	0.000000	0.000000	0.000000	0.000000	0.000001	0.000000	0.001046
37	R	O	0.998229	0.000000	0.000282	0.001270	0.000000	0.000000	0.000000	0.000000	0.000000	0.000000	0.000000	0.000000	0.000000	0.000000	0.000000	0.000001	0.000000	0.000234
38	S	O	0.998621	0.000000	0.000162	0.001183	0.000000	0.000000	0.000000	0.000000	0.000000	0.000000	0.000000	0.000000	0.000000	0.000000	0.000000	0.000001	0.000001	0.000050
39	G	O	0.998898	0.000000	0.000099	0.001007	0.000000	0.000000	0.000000	0.000000	0.000000	0.000000	0.000000	0.000000	0.000000	0.000000	0.000000	0.000001	0.000001	0.000010
40	S	O	0.999113	0.000000	0.000055	0.000843	0.000000	0.000000	0.000000	0.000000	0.000000	0.000000	0.000000	0.000000	0.000000	0.000000	0.000000	0.000001	0.000001	0.000003
41	V	O	0.999342	0.000000	0.000036	0.000637	0.000000	0.000000	0.000000	0.000000	0.000000	0.000000	0.000000	0.000000	0.000000	0.000000	0.000000	0.000001	0.000001	0.000001
42	A	O	0.999529	0.000000	0.000022	0.000464	0.000000	0.000000	0.000000	0.000000	0.000000	0.000000	0.000000	0.000000	0.000000	0.000000	0.000000	0.000001	0.000001	0.000001
43	Q	O	0.999668	0.000000	0.000015	0.000333	0.000000	0.000000	0.000000	0.000000	0.000000	0.000000	0.000000	0.000000	0.000000	0.000000	0.000000	0.000001	0.000001	0.000001
44	I	O	0.999754	0.000000	0.000009	0.000248	0.000000	0.000000	0.000000	0.000000	0.000000	0.000000	0.000000	0.000000	0.000000	0.000000	0.000000	0.000001	0.000001	0.000001
45	G	O	0.999825	0.000000	0.000006	0.000184	0.000000	0.000000	0.000000	0.000000	0.000000	0.000000	0.000000	0.000000	0.000000	0.000000	0.000000	0.000001	0.000001	0.000001
46	S	O	0.999870	0.000000	0.000003	0.000138	0.000000	0.000000	0.000000	0.000000	0.000000	0.000000	0.000000	0.000000	0.000000	0.000000	0.000000	0.000001	0.000001	0.000001
47	A	O	0.999914	0.000000	0.000002	0.000097	0.000000	0.000000	0.000000	0.000000	0.000000	0.000000	0.000000	0.000000	0.000000	0.000000	0.000000	0.000001	0.000001	0.000001
48	M	O	0.999948	0.000000	0.000001	0.000068	0.000000	0.000000	0.000000	0.000000	0.000000	0.000000	0.000000	0.000000	0.000000	0.000000	0.000000	0.000001	0.000001	0.000001
49	E	O	0.999965	0.000000	0.000001	0.000048	0.000000	0.000000	0.000000	0.000000	0.000000	0.000000	0.000000	0.000000	0.000000	0.000000	0.000000	0.000002	0.000001	0.000001
50	A	O	0.999980	0.000000	0.000000	0.000034	0.000000	0.000000	0.000000	0.000000	0.000000	0.000000	0.000000	0.000000	0.000000	0.000000	0.000000	0.000002	0.000001	0.000001
51	I	O	0.999988	0.000000	0.000000	0.000023	0.000000	0.000000	0.000000	0.000000	0.000000	0.000000	0.000001	0.000000	0.000000	0.000000	0.000000	0.000002	0.000001	0.000002
52	E	O	0.999995	0.000000	0.000000	0.000016	0.000000	0.000000	0.000000	0.000001	0.000000	0.000000	0.000001	0.000000	0.000000	0.000000	0.000000	0.000002	0.000001	0.000002
53	V	O	0.999998	0.000000	0.000000	0.000011	0.000000	0.000000	0.000000	0.000001	0.000000	0.000001	0.000001	0.000000	0.000000	0.000000	0.000000	0.000002	0.000001	0.000002
54	E	O	1.000000	0.000000	0.000000	0.000007	0.000000	0.000000	0.000000	0.000001	0.000000	0.000001	0.000001	0.000000	0.000000	0.000000	0.000000	0.000003	0.000001	0.000002
55	V	O	1.000000	0.000000	0.000000	0.000005	0.000000	0.000001	0.000000	0.000001	0.000000	0.000001	0.000001	0.000000	0.000000	0.000000	0.000000	0.000003	0.000002	0.000002
56	L	O	1.000000	0.000000	0.000000	0.000003	0.000000	0.000001	0.000000	0.000001	0.000000	0.000001	0.000002	0.000000	0.000000	0.000000	0.000000	0.000003	0.000002	0.000002
57	V	O	1.000000	0.000000	0.000000	0.000002	0.000000	0.000001	0.000000	0.000002	0.000000	0.000002	0.000002	0.000000	0.000000	0.000000	0.000000	0.000004	0.000002	0.000003
58	R	O	0.999993	0.000000	0.000000	0.000001	0.000000	0.000001	0.000001	0.000002	0.000000	0.000002	0.000003	0.000000	0.000000	0.000000	0.000000	0.000005	0.000002	0.000003
59	G	O	0.999992	0.000000	0.000000	0.000001	0.000001	0.000001	0.000001	0.000003	0.000000	0.000003	0.000004	0.000000	0.000000	0.000000	0.000000	0.000006	0.000003	0.000003
60	L	O	0.999990	0.000000	0.000000	0.000001	0.000001	0.000001	0.000001	0.000004	0.000000	0.000003	0.000005	0.000000	0.000000	0.000000	0.000001	0.000007	0.000003	0.000004
61	S	O	0.999982	0.000000	0.000000	0.000000	0.000001	0.000001	0.000001	0.000005	0.000000	0.000004	0.000007	0.000000	0.000000	0.000000	0.000001	0.000008	0.000004	0.000005
62	V	O	0.999976	0.000000	0.000000	0.000000	0.000001	0.000002	0.000001	0.000005	0.000000	0.000006	0.000009	0.000000	0.000000	0.000001	0.000001	0.000009	0.000005	0.000005
63	K	O	0.999961	0.000000	0.000000	0.000000	0.000001	0.000002	0.000001	0.000006	0.000001	0.000007	0.000012	0.000000	0.000000	0.000001	0.000002	0.000011	0.000005	0.000007
64	S	O	0.999952	0.000000	0.000000	0.000000	0.000001	0.000002	0.000002	0.000007	0.000001	0.000009	0.000015	0.000000	0.000000	0.000001	0.000002	0.000012	0.000007	0.000008
65	P	O	0.999930	0.000000	0.000000	0.000000	0.000001	0.000002	0.000002	0.000008	0.000001	0.000011	0.000020	0.000000	0.000000	0.000001	0.000003	0.000013	0.000009	0.000010
66	E	O	0.999918	0.000000	0.000000	0.000000	0.000000	0.000003	0.000003	0.000007	0.000000	0.000014	0.000025	0.000000	0.000000	0.000002	0.000004	0.000012	0.000011	0.000013
67	T	O	0.999903	0.000000	0.000000	0.000000	0.000000	0.000003	0.000003	0.000005	0.000000	0.000016	0.000034	0.000000	0.000000	0.000002	0.000006	0.000007	0.000013	0.000016
68	F	O	0.999893	0.000000	0.000000	0.000000	0.000000	0.000003	0.000004	0.000000	0.000000	0.000013	0.000044	0.000000	0.000000	0.000002	0.000008	0.000000	0.000014	0.000021
69	V	O	0.999904	0.000000	0.000000	0.000000	0.000000	0.000000	0.000008	0.000000	0.000000	0.000000	0.000048	0.000000	0.000000	0.000000	0.000013	0.000000	0.000000	0.000028
70	A	O	1.000000	0.000000	0.000000	0.000000	0.000000	0.000000	0.000000	0.000000	0.000000	0.000000	0.000000	0.000000	0.000000	0.000000	0.000000	0.000000	0.000000	0.000000
