# Name=gene-SYNPCC7002_RS17195
# pos	aa	label	Other	Sec/SPI n	Sec/SPI h	Sec/SPI c	Sec/SPII n	Sec/SPII h	Sec/SPII cys	Tat/SPI n	Tat/SPI RR	Tat/SPI h	Tat/SPI c	Tat/SPII n	Tat/SPII RR	Tat/SPII h	Tat/SPII cys	Sec/SPIII P	Sec/SPIII cons.	Sec/SPIII h
1	L	O	0.999360	0.000044	0.000000	0.000000	0.000252	0.000000	0.000000	0.000050	0.000000	0.000000	0.000000	0.000002	0.000000	0.000000	0.000000	0.000288	0.000000	0.000000
2	E	O	0.999358	0.000036	0.000009	0.000000	0.000177	0.000075	0.000000	0.000027	0.000006	0.000018	0.000000	0.000001	0.000000	0.000000	0.000000	0.000212	0.000076	0.000000
3	F	O	0.999362	0.000029	0.000013	0.000002	0.000125	0.000127	0.000000	0.000020	0.000004	0.000018	0.000009	0.000001	0.000000	0.000001	0.000000	0.000154	0.000078	0.000056
4	W	O	0.999411	0.000024	0.000015	0.000005	0.000090	0.000138	0.000023	0.000014	0.000003	0.000015	0.000013	0.000001	0.000000	0.000001	0.000000	0.000114	0.000061	0.000067
5	A	O	0.999501	0.000019	0.000016	0.000008	0.000063	0.000130	0.000036	0.000010	0.000002	0.000013	0.000013	0.000001	0.000000	0.000001	0.000000	0.000084	0.000046	0.000055
6	E	O	0.999590	0.000015	0.000016	0.000010	0.000044	0.000117	0.000032	0.000007	0.000001	0.000011	0.000012	0.000000	0.000000	0.000001	0.000000	0.000063	0.000033	0.000043
7	T	O	0.999670	0.000011	0.000015	0.000013	0.000030	0.000102	0.000029	0.000005	0.000001	0.000008	0.000012	0.000000	0.000000	0.000001	0.000000	0.000048	0.000025	0.000031
8	L	O	0.999731	0.000009	0.000012	0.000016	0.000020	0.000084	0.000027	0.000004	0.000001	0.000006	0.000011	0.000000	0.000000	0.000000	0.000000	0.000036	0.000019	0.000023
9	V	O	0.999784	0.000007	0.000010	0.000017	0.000014	0.000064	0.000027	0.000003	0.000000	0.000004	0.000009	0.000000	0.000000	0.000000	0.000000	0.000027	0.000014	0.000018
10	G	O	0.999833	0.000006	0.000008	0.000017	0.000010	0.000046	0.000022	0.000002	0.000000	0.000003	0.000007	0.000000	0.000000	0.000000	0.000000	0.000020	0.000011	0.000014
11	D	O	0.999875	0.000004	0.000007	0.000017	0.000007	0.000034	0.000015	0.000001	0.000000	0.000002	0.000005	0.000000	0.000000	0.000000	0.000000	0.000015	0.000008	0.000010
12	T	O	0.999904	0.000003	0.000006	0.000015	0.000004	0.000026	0.000010	0.000001	0.000000	0.000002	0.000004	0.000000	0.000000	0.000000	0.000000	0.000011	0.000006	0.000007
13	V	O	0.999928	0.000003	0.000005	0.000015	0.000003	0.000020	0.000008	0.000001	0.000000	0.000001	0.000003	0.000000	0.000000	0.000000	0.000000	0.000008	0.000004	0.000006
14	A	O	0.999944	0.000002	0.000003	0.000014	0.000002	0.000014	0.000006	0.000001	0.000000	0.000001	0.000003	0.000000	0.000000	0.000000	0.000000	0.000006	0.000003	0.000004
15	V	O	0.999957	0.000002	0.000002	0.000012	0.000001	0.000009	0.000006	0.000000	0.000000	0.000001	0.000002	0.000000	0.000000	0.000000	0.000000	0.000005	0.000003	0.000003
16	G	O	0.999968	0.000001	0.000002	0.000010	0.000001	0.000006	0.000004	0.000000	0.000000	0.000000	0.000001	0.000000	0.000000	0.000000	0.000000	0.000003	0.000002	0.000002
17	D	O	0.999981	0.000001	0.000001	0.000008	0.000001	0.000004	0.000003	0.000000	0.000000	0.000000	0.000001	0.000000	0.000000	0.000000	0.000000	0.000003	0.000001	0.000002
18	R	O	0.999987	0.000001	0.000001	0.000006	0.000000	0.000002	0.000001	0.000000	0.000000	0.000000	0.000001	0.000000	0.000000	0.000000	0.000000	0.000002	0.000001	0.000001
19	S	O	0.999989	0.000001	0.000001	0.000004	0.000000	0.000002	0.000001	0.000000	0.000000	0.000000	0.000000	0.000000	0.000000	0.000000	0.000000	0.000002	0.000001	0.000001
20	P	O	0.999993	0.000001	0.000001	0.000004	0.000000	0.000001	0.000001	0.000000	0.000000	0.000000	0.000000	0.000000	0.000000	0.000000	0.000000	0.000001	0.000001	0.000001
21	P	O	0.999995	0.000001	0.000001	0.000003	0.000000	0.000001	0.000000	0.000000	0.000000	0.000000	0.000000	0.000000	0.000000	0.000000	0.000000	0.000001	0.000000	0.000001
22	I	O	0.999995	0.000000	0.000001	0.000002	0.000000	0.000001	0.000000	0.000000	0.000000	0.000000	0.000000	0.000000	0.000000	0.000000	0.000000	0.000001	0.000000	0.000000
23	V	O	0.999997	0.000000	0.000001	0.000002	0.000000	0.000000	0.000000	0.000000	0.000000	0.000000	0.000000	0.000000	0.000000	0.000000	0.000000	0.000001	0.000000	0.000000
24	W	O	0.999999	0.000000	0.000000	0.000002	0.000000	0.000000	0.000000	0.000000	0.000000	0.000000	0.000000	0.000000	0.000000	0.000000	0.000000	0.000000	0.000000	0.000000
25	T	O	0.999999	0.000000	0.000000	0.000001	0.000000	0.000000	0.000000	0.000000	0.000000	0.000000	0.000000	0.000000	0.000000	0.000000	0.000000	0.000000	0.000000	0.000000
26	V	O	0.999999	0.000000	0.000000	0.000001	0.000000	0.000000	0.000000	0.000000	0.000000	0.000000	0.000000	0.000000	0.000000	0.000000	0.000000	0.000000	0.000000	0.000000
27	S	O	0.999999	0.000000	0.000000	0.000001	0.000000	0.000000	0.000000	0.000000	0.000000	0.000000	0.000000	0.000000	0.000000	0.000000	0.000000	0.000000	0.000000	0.000000
28	T	O	0.999999	0.000000	0.000000	0.000001	0.000000	0.000000	0.000000	0.000000	0.000000	0.000000	0.000000	0.000000	0.000000	0.000000	0.000000	0.000000	0.000000	0.000000
29	Y	O	0.999999	0.000000	0.000000	0.000001	0.000000	0.000000	0.000000	0.000000	0.000000	0.000000	0.000000	0.000000	0.000000	0.000000	0.000000	0.000000	0.000000	0.000000
30	L	O	1.000000	0.000000	0.000000	0.000001	0.000000	0.000000	0.000000	0.000000	0.000000	0.000000	0.000000	0.000000	0.000000	0.000000	0.000000	0.000000	0.000000	0.000000
31	L	O	1.000000	0.000000	0.000000	0.000001	0.000000	0.000000	0.000000	0.000000	0.000000	0.000000	0.000000	0.000000	0.000000	0.000000	0.000000	0.000000	0.000000	0.000000
32	K	O	1.000000	0.000000	0.000000	0.000001	0.000000	0.000000	0.000000	0.000000	0.000000	0.000000	0.000000	0.000000	0.000000	0.000000	0.000000	0.000000	0.000000	0.000000
33	S	O	1.000000	0.000000	0.000000	0.000000	0.000000	0.000000	0.000000	0.000000	0.000000	0.000000	0.000000	0.000000	0.000000	0.000000	0.000000	0.000000	0.000000	0.000000
34	L	O	0.999996	0.000000	0.000000	0.000000	0.000000	0.000000	0.000000	0.000000	0.000000	0.000000	0.000000	0.000000	0.000000	0.000000	0.000000	0.000000	0.000000	0.000000
35	E	O	0.999997	0.000000	0.000000	0.000000	0.000000	0.000000	0.000000	0.000000	0.000000	0.000000	0.000000	0.000000	0.000000	0.000000	0.000000	0.000000	0.000000	0.000000
36	V	O	0.999998	0.000000	0.000000	0.000000	0.000000	0.000000	0.000000	0.000000	0.000000	0.000000	0.000000	0.000000	0.000000	0.000000	0.000000	0.000000	0.000000	0.000000
37	S	O	0.999997	0.000000	0.000000	0.000000	0.000000	0.000000	0.000000	0.000000	0.000000	0.000001	0.000001	0.000000	0.000000	0.000000	0.000000	0.000000	0.000000	0.000000
38	A	O	0.999996	0.000000	0.000000	0.000000	0.000000	0.000000	0.000000	0.000000	0.000000	0.000000	0.000001	0.000000	0.000000	0.000000	0.000000	0.000000	0.000000	0.000000
39	I	O	0.999997	0.000000	0.000000	0.000000	0.000000	0.000000	0.000000	0.000000	0.000000	0.000000	0.000001	0.000000	0.000000	0.000000	0.000000	0.000000	0.000000	0.000000
40	V	O	0.999998	0.000000	0.000000	0.000000	0.000000	0.000000	0.000000	0.000000	0.000000	0.000000	0.000001	0.000000	0.000000	0.000000	0.000000	0.000000	0.000000	0.000000
41	I	O	0.999999	0.000000	0.000000	0.000000	0.000000	0.000000	0.000000	0.000000	0.000000	0.000000	0.000000	0.000000	0.000000	0.000000	0.000000	0.000000	0.000000	0.000000
