# Name=gene-SYNPCC7002_RS04435
# pos	aa	label	Other	Sec/SPI n	Sec/SPI h	Sec/SPI c	Sec/SPII n	Sec/SPII h	Sec/SPII cys	Tat/SPI n	Tat/SPI RR	Tat/SPI h	Tat/SPI c	Tat/SPII n	Tat/SPII RR	Tat/SPII h	Tat/SPII cys	Sec/SPIII P	Sec/SPIII cons.	Sec/SPIII h
1	M	O	0.923463	0.076473	0.000000	0.000000	0.000050	0.000000	0.000000	0.000000	0.000000	0.000000	0.000000	0.000000	0.000000	0.000000	0.000000	0.000001	0.000000	0.000000
2	R	O	0.923472	0.072554	0.003919	0.000000	0.000047	0.000003	0.000000	0.000000	0.000000	0.000000	0.000000	0.000000	0.000000	0.000000	0.000000	0.000001	0.000000	0.000000
3	P	O	0.923469	0.063679	0.012746	0.000048	0.000042	0.000007	0.000000	0.000000	0.000000	0.000000	0.000000	0.000000	0.000000	0.000000	0.000000	0.000001	0.000000	0.000000
4	Q	O	0.923482	0.056539	0.019766	0.000161	0.000038	0.000012	0.000000	0.000000	0.000000	0.000000	0.000000	0.000000	0.000000	0.000000	0.000000	0.000001	0.000000	0.000000
5	S	O	0.923515	0.048873	0.027280	0.000286	0.000032	0.000017	0.000000	0.000000	0.000000	0.000000	0.000000	0.000000	0.000000	0.000000	0.000000	0.000001	0.000000	0.000000
6	P	O	0.923566	0.040070	0.035932	0.000388	0.000027	0.000022	0.000001	0.000000	0.000000	0.000000	0.000000	0.000000	0.000000	0.000000	0.000000	0.000000	0.000000	0.000000
7	R	O	0.923638	0.030572	0.045288	0.000460	0.000022	0.000026	0.000001	0.000000	0.000000	0.000000	0.000000	0.000000	0.000000	0.000000	0.000000	0.000000	0.000000	0.000000
8	Y	O	0.923740	0.018028	0.057714	0.000485	0.000014	0.000033	0.000001	0.000000	0.000000	0.000000	0.000000	0.000000	0.000000	0.000000	0.000000	0.000000	0.000000	0.000000
9	I	O	0.923834	0.008106	0.067492	0.000531	0.000008	0.000038	0.000001	0.000000	0.000000	0.000000	0.000000	0.000000	0.000000	0.000000	0.000000	0.000000	0.000000	0.000000
10	V	O	0.923930	0.003582	0.071708	0.000754	0.000005	0.000041	0.000001	0.000000	0.000000	0.000000	0.000000	0.000000	0.000000	0.000000	0.000000	0.000000	0.000000	0.000000
11	L	O	0.924020	0.001645	0.072893	0.001426	0.000003	0.000042	0.000001	0.000000	0.000000	0.000000	0.000000	0.000000	0.000000	0.000000	0.000000	0.000000	0.000000	0.000000
12	I	O	0.924120	0.000817	0.071960	0.003087	0.000002	0.000041	0.000001	0.000000	0.000000	0.000000	0.000000	0.000000	0.000000	0.000000	0.000000	0.000000	0.000000	0.000000
13	S	O	0.924248	0.000461	0.068037	0.007242	0.000001	0.000040	0.000002	0.000000	0.000000	0.000000	0.000000	0.000000	0.000000	0.000000	0.000000	0.000000	0.000000	0.000000
14	I	O	0.924519	0.000243	0.062223	0.013010	0.000001	0.000037	0.000003	0.000000	0.000000	0.000000	0.000000	0.000000	0.000000	0.000000	0.000000	0.000000	0.000000	0.000000
15	H	O	0.924888	0.000137	0.051961	0.023010	0.000000	0.000033	0.000005	0.000000	0.000000	0.000000	0.000000	0.000000	0.000000	0.000000	0.000000	0.000000	0.000000	0.000000
16	G	O	0.925563	0.000073	0.040014	0.034345	0.000000	0.000027	0.000006	0.000000	0.000000	0.000000	0.000000	0.000000	0.000000	0.000000	0.000000	0.000000	0.000000	0.000000
17	L	O	0.926860	0.000034	0.028815	0.044293	0.000000	0.000021	0.000006	0.000000	0.000000	0.000000	0.000000	0.000000	0.000000	0.000000	0.000000	0.000000	0.000000	0.000000
18	I	O	0.928343	0.000021	0.013841	0.057806	0.000000	0.000017	0.000004	0.000000	0.000000	0.000000	0.000000	0.000000	0.000000	0.000000	0.000000	0.000000	0.000000	0.000000
19	R	O	0.931812	0.000016	0.005228	0.062953	0.000000	0.000011	0.000006	0.000000	0.000000	0.000000	0.000000	0.000000	0.000000	0.000000	0.000000	0.000000	0.000000	0.000000
20	S	O	0.941407	0.000012	0.002165	0.056432	0.000000	0.000005	0.000006	0.000000	0.000000	0.000000	0.000000	0.000000	0.000000	0.000000	0.000000	0.000000	0.000000	0.000000
21	Q	O	0.964851	0.000009	0.001387	0.033778	0.000000	0.000003	0.000003	0.000000	0.000000	0.000000	0.000000	0.000000	0.000000	0.000000	0.000000	0.000000	0.000000	0.000000
22	N	O	0.974856	0.000006	0.000770	0.024392	0.000000	0.000001	0.000001	0.000000	0.000000	0.000000	0.000000	0.000000	0.000000	0.000000	0.000000	0.000000	0.000000	0.000000
23	L	O	0.983465	0.000004	0.000479	0.016081	0.000000	0.000001	0.000001	0.000000	0.000000	0.000000	0.000000	0.000000	0.000000	0.000000	0.000000	0.000000	0.000000	0.000000
24	E	O	0.988552	0.000003	0.000260	0.011211	0.000000	0.000001	0.000000	0.000000	0.000000	0.000000	0.000000	0.000000	0.000000	0.000000	0.000000	0.000000	0.000000	0.000000
25	L	O	0.992657	0.000002	0.000154	0.007220	0.000000	0.000000	0.000000	0.000000	0.000000	0.000000	0.000000	0.000000	0.000000	0.000000	0.000000	0.000000	0.000000	0.000000
26	G	O	0.995246	0.000002	0.000082	0.004701	0.000000	0.000000	0.000000	0.000000	0.000000	0.000000	0.000000	0.000000	0.000000	0.000000	0.000000	0.000000	0.000000	0.000000
27	R	O	0.997205	0.000001	0.000049	0.002782	0.000000	0.000000	0.000000	0.000000	0.000000	0.000000	0.000000	0.000000	0.000000	0.000000	0.000000	0.000000	0.000000	0.000000
28	D	O	0.998260	0.000001	0.000028	0.001746	0.000000	0.000000	0.000000	0.000000	0.000000	0.000000	0.000000	0.000000	0.000000	0.000000	0.000000	0.000000	0.000000	0.000000
29	A	O	0.998960	0.000001	0.000017	0.001057	0.000000	0.000000	0.000000	0.000000	0.000000	0.000000	0.000000	0.000000	0.000000	0.000000	0.000000	0.000000	0.000000	0.000000
30	D	O	0.999386	0.000000	0.000010	0.000641	0.000000	0.000000	0.000000	0.000000	0.000000	0.000000	0.000000	0.000000	0.000000	0.000000	0.000000	0.000000	0.000000	0.000000
31	T	O	0.999635	0.000000	0.000006	0.000393	0.000000	0.000000	0.000000	0.000000	0.000000	0.000000	0.000000	0.000000	0.000000	0.000000	0.000000	0.000000	0.000000	0.000000
32	G	O	0.999806	0.000000	0.000004	0.000229	0.000000	0.000000	0.000000	0.000000	0.000000	0.000000	0.000000	0.000000	0.000000	0.000000	0.000000	0.000000	0.000000	0.000000
33	G	O	0.999898	0.000000	0.000002	0.000133	0.000000	0.000000	0.000000	0.000000	0.000000	0.000000	0.000000	0.000000	0.000000	0.000000	0.000000	0.000000	0.000000	0.000000
34	Q	O	0.999955	0.000000	0.000001	0.000078	0.000000	0.000000	0.000000	0.000000	0.000000	0.000000	0.000000	0.000000	0.000000	0.000000	0.000000	0.000000	0.000000	0.000000
35	T	O	0.999980	0.000000	0.000001	0.000049	0.000000	0.000000	0.000000	0.000000	0.000000	0.000000	0.000000	0.000000	0.000000	0.000000	0.000000	0.000000	0.000000	0.000000
36	K	O	1.000000	0.000000	0.000001	0.000032	0.000000	0.000000	0.000000	0.000000	0.000000	0.000000	0.000000	0.000000	0.000000	0.000000	0.000000	0.000000	0.000000	0.000000
37	Y	O	1.000000	0.000000	0.000000	0.000021	0.000000	0.000000	0.000000	0.000000	0.000000	0.000000	0.000000	0.000000	0.000000	0.000000	0.000000	0.000000	0.000000	0.000000
38	V	O	1.000000	0.000000	0.000000	0.000014	0.000000	0.000000	0.000000	0.000000	0.000000	0.000000	0.000000	0.000000	0.000000	0.000000	0.000000	0.000000	0.000000	0.000000
39	V	O	1.000000	0.000000	0.000000	0.000009	0.000000	0.000000	0.000000	0.000000	0.000000	0.000000	0.000000	0.000000	0.000000	0.000000	0.000000	0.000000	0.000000	0.000000
40	E	O	1.000000	0.000000	0.000000	0.000007	0.000000	0.000000	0.000000	0.000000	0.000000	0.000000	0.000000	0.000000	0.000000	0.000000	0.000000	0.000000	0.000000	0.000000
41	L	O	1.000000	0.000000	0.000000	0.000005	0.000000	0.000000	0.000000	0.000000	0.000000	0.000000	0.000000	0.000000	0.000000	0.000000	0.000000	0.000000	0.000000	0.000000
42	A	O	1.000000	0.000000	0.000000	0.000004	0.000000	0.000000	0.000000	0.000000	0.000000	0.000000	0.000000	0.000000	0.000000	0.000000	0.000000	0.000000	0.000000	0.000000
43	A	O	1.000000	0.000000	0.000000	0.000003	0.000000	0.000000	0.000000	0.000000	0.000000	0.000000	0.000000	0.000000	0.000000	0.000000	0.000000	0.000000	0.000000	0.000000
44	A	O	1.000000	0.000000	0.000000	0.000002	0.000000	0.000000	0.000000	0.000000	0.000000	0.000000	0.000000	0.000000	0.000000	0.000000	0.000000	0.000000	0.000000	0.000000
45	L	O	1.000000	0.000000	0.000000	0.000001	0.000000	0.000000	0.000000	0.000000	0.000000	0.000000	0.000000	0.000000	0.000000	0.000000	0.000000	0.000000	0.000000	0.000000
46	A	O	1.000000	0.000000	0.000000	0.000001	0.000000	0.000000	0.000000	0.000000	0.000000	0.000000	0.000000	0.000000	0.000000	0.000000	0.000000	0.000000	0.000000	0.000000
47	Q	O	1.000000	0.000000	0.000000	0.000001	0.000000	0.000000	0.000000	0.000000	0.000000	0.000000	0.000000	0.000000	0.000000	0.000000	0.000000	0.000000	0.000000	0.000000
48	H	O	1.000000	0.000000	0.000000	0.000000	0.000000	0.000000	0.000000	0.000000	0.000000	0.000000	0.000000	0.000000	0.000000	0.000000	0.000000	0.000000	0.000000	0.000000
49	P	O	1.000000	0.000000	0.000000	0.000000	0.000000	0.000000	0.000000	0.000000	0.000000	0.000000	0.000000	0.000000	0.000000	0.000000	0.000000	0.000000	0.000000	0.000000
50	D	O	1.000000	0.000000	0.000000	0.000000	0.000000	0.000000	0.000000	0.000000	0.000000	0.000000	0.000000	0.000000	0.000000	0.000000	0.000000	0.000001	0.000000	0.000000
51	I	O	1.000000	0.000000	0.000000	0.000000	0.000000	0.000000	0.000000	0.000000	0.000000	0.000000	0.000000	0.000000	0.000000	0.000000	0.000000	0.000001	0.000000	0.000000
52	E	O	1.000000	0.000000	0.000000	0.000000	0.000000	0.000000	0.000000	0.000000	0.000000	0.000000	0.000000	0.000000	0.000000	0.000000	0.000000	0.000001	0.000000	0.000001
53	Q	O	1.000000	0.000000	0.000000	0.000000	0.000000	0.000001	0.000001	0.000000	0.000000	0.000000	0.000001	0.000000	0.000000	0.000000	0.000000	0.000001	0.000001	0.000001
54	V	O	1.000000	0.000000	0.000000	0.000000	0.000000	0.000001	0.000001	0.000001	0.000000	0.000001	0.000001	0.000000	0.000000	0.000000	0.000000	0.000001	0.000001	0.000001
55	D	O	1.000000	0.000000	0.000000	0.000000	0.000000	0.000001	0.000001	0.000001	0.000000	0.000001	0.000001	0.000000	0.000000	0.000000	0.000000	0.000002	0.000001	0.000001
56	L	O	1.000000	0.000000	0.000000	0.000000	0.000001	0.000001	0.000001	0.000002	0.000000	0.000001	0.000002	0.000000	0.000000	0.000000	0.000000	0.000002	0.000001	0.000002
57	I	O	1.000000	0.000000	0.000000	0.000000	0.000001	0.000001	0.000001	0.000002	0.000000	0.000002	0.000002	0.000000	0.000000	0.000000	0.000000	0.000003	0.000002	0.000002
58	T	O	1.000000	0.000000	0.000000	0.000000	0.000001	0.000002	0.000002	0.000004	0.000001	0.000003	0.000004	0.000000	0.000000	0.000000	0.000001	0.000004	0.000002	0.000003
59	K	O	0.999999	0.000000	0.000000	0.000000	0.000002	0.000003	0.000003	0.000006	0.000001	0.000004	0.000006	0.000000	0.000000	0.000000	0.000001	0.000006	0.000003	0.000004
60	Q	O	0.999981	0.000000	0.000000	0.000000	0.000002	0.000003	0.000003	0.000010	0.000001	0.000006	0.000009	0.000000	0.000000	0.000001	0.000001	0.000009	0.000004	0.000005
61	I	O	0.999952	0.000000	0.000000	0.000000	0.000002	0.000005	0.000004	0.000015	0.000002	0.000011	0.000014	0.000000	0.000000	0.000001	0.000002	0.000012	0.000006	0.000007
62	I	O	0.999915	0.000000	0.000000	0.000000	0.000003	0.000006	0.000005	0.000020	0.000002	0.000018	0.000022	0.000000	0.000000	0.000002	0.000003	0.000016	0.000008	0.000009
63	D	O	0.999869	0.000000	0.000000	0.000000	0.000003	0.000008	0.000007	0.000027	0.000003	0.000026	0.000038	0.000001	0.000000	0.000002	0.000004	0.000021	0.000011	0.000013
64	P	O	0.999799	0.000000	0.000000	0.000000	0.000003	0.000010	0.000010	0.000036	0.000004	0.000036	0.000058	0.000001	0.000000	0.000004	0.000007	0.000027	0.000015	0.000018
65	K	O	0.999716	0.000000	0.000000	0.000000	0.000003	0.000012	0.000012	0.000042	0.000004	0.000053	0.000086	0.000001	0.000000	0.000005	0.000010	0.000032	0.000020	0.000025
66	V	O	0.999618	0.000000	0.000000	0.000000	0.000002	0.000015	0.000015	0.000042	0.000002	0.000078	0.000124	0.000001	0.000000	0.000008	0.000016	0.000031	0.000030	0.000033
67	S	O	0.999490	0.000000	0.000000	0.000000	0.000000	0.000017	0.000021	0.000031	0.000000	0.000093	0.000208	0.000000	0.000000	0.000011	0.000026	0.000024	0.000038	0.000047
68	A	O	0.999418	0.000000	0.000000	0.000000	0.000000	0.000013	0.000028	0.000000	0.000000	0.000087	0.000296	0.000000	0.000000	0.000015	0.000038	0.000000	0.000047	0.000063
69	D	O	0.999359	0.000000	0.000000	0.000000	0.000000	0.000000	0.000049	0.000000	0.000000	0.000000	0.000396	0.000000	0.000000	0.000000	0.000094	0.000000	0.000000	0.000102
70	Y	O	1.000000	0.000000	0.000000	0.000000	0.000000	0.000000	0.000000	0.000000	0.000000	0.000000	0.000000	0.000000	0.000000	0.000000	0.000000	0.000000	0.000000	0.000000
