# Name=gene-SYNPCC7002_RS05055
# pos	aa	label	Other	Sec/SPI n	Sec/SPI h	Sec/SPI c	Sec/SPII n	Sec/SPII h	Sec/SPII cys	Tat/SPI n	Tat/SPI RR	Tat/SPI h	Tat/SPI c	Tat/SPII n	Tat/SPII RR	Tat/SPII h	Tat/SPII cys	Sec/SPIII P	Sec/SPIII cons.	Sec/SPIII h
1	V	N	0.000003	0.000045	0.000000	0.000000	0.870640	0.000000	0.000000	0.000010	0.000000	0.000000	0.000000	0.129334	0.000000	0.000000	0.000000	0.000000	0.000000	0.000000
2	K	N	0.000003	0.000044	0.000001	0.000000	0.842399	0.028239	0.000000	0.000009	0.000001	0.000000	0.000000	0.108231	0.020788	0.000314	0.000000	0.000000	0.000000	0.000000
3	Q	N	0.000003	0.000042	0.000003	0.000000	0.794949	0.075690	0.000000	0.000009	0.000001	0.000000	0.000000	0.108191	0.020398	0.000744	0.000000	0.000000	0.000000	0.000000
4	M	N	0.000003	0.000040	0.000003	0.000001	0.745533	0.125103	0.000005	0.000009	0.000001	0.000000	0.000000	0.110711	0.017254	0.001368	0.000000	0.000000	0.000000	0.000000
5	I	N	0.000009	0.000039	0.000003	0.000003	0.707334	0.163294	0.000016	0.000009	0.000001	0.000000	0.000000	0.108438	0.018550	0.002344	0.000000	0.000000	0.000000	0.000000
6	W	N	0.000025	0.000037	0.000005	0.000003	0.608603	0.261988	0.000038	0.000008	0.000001	0.000000	0.000000	0.106986	0.017985	0.004360	0.000000	0.000000	0.000000	0.000000
7	T	N	0.000065	0.000034	0.000007	0.000002	0.524716	0.345858	0.000018	0.000008	0.000001	0.000000	0.000000	0.099668	0.021788	0.007875	0.000000	0.000000	0.000000	0.000000
8	R	N	0.000084	0.000031	0.000008	0.000003	0.455336	0.415185	0.000056	0.000001	0.000007	0.000000	0.000000	0.033430	0.082913	0.012987	0.000001	0.000000	0.000000	0.000000
9	R	N	0.000140	0.000026	0.000011	0.000003	0.352566	0.517873	0.000087	0.000003	0.000005	0.000001	0.000000	0.050284	0.060663	0.018382	0.000001	0.000000	0.000000	0.000000
10	V	H	0.000229	0.000009	0.000028	0.000002	0.085212	0.785198	0.000029	0.000006	0.000000	0.000002	0.000000	0.079494	0.008394	0.041440	0.000001	0.000000	0.000000	0.000000
11	W	H	0.000258	0.000003	0.000033	0.000002	0.019613	0.850771	0.000020	0.000001	0.000000	0.000007	0.000000	0.019082	0.006836	0.103409	0.000001	0.000000	0.000000	0.000000
12	Q	H	0.000278	0.000001	0.000033	0.000002	0.006554	0.863809	0.000024	0.000000	0.000000	0.000008	0.000000	0.009464	0.002840	0.117023	0.000001	0.000000	0.000000	0.000000
13	G	H	0.000303	0.000000	0.000033	0.000002	0.001333	0.868999	0.000041	0.000000	0.000000	0.000008	0.000000	0.004541	0.001029	0.123753	0.000003	0.000000	0.000000	0.000000
14	L	H	0.000347	0.000000	0.000031	0.000002	0.000320	0.869955	0.000060	0.000000	0.000000	0.000007	0.000000	0.001956	0.000558	0.126804	0.000007	0.000000	0.000000	0.000000
15	G	H	0.000414	0.000000	0.000029	0.000003	0.000106	0.870105	0.000060	0.000000	0.000000	0.000007	0.000000	0.000997	0.000301	0.128006	0.000013	0.000000	0.000000	0.000000
16	T	H	0.000488	0.000000	0.000027	0.000004	0.000046	0.870034	0.000129	0.000000	0.000000	0.000007	0.000000	0.000578	0.000153	0.128543	0.000030	0.000000	0.000000	0.000000
17	V	H	0.000647	0.000000	0.000025	0.000004	0.000021	0.869898	0.000167	0.000000	0.000000	0.000006	0.000000	0.000324	0.000082	0.128820	0.000048	0.000000	0.000000	0.000000
18	A	H	0.000863	0.000000	0.000023	0.000003	0.000010	0.869681	0.000233	0.000000	0.000000	0.000006	0.000000	0.000181	0.000044	0.128916	0.000085	0.000000	0.000000	0.000000
19	L	H	0.001182	0.000000	0.000021	0.000003	0.000006	0.869279	0.000405	0.000000	0.000000	0.000005	0.000000	0.000096	0.000024	0.128861	0.000159	0.000000	0.000000	0.000000
20	A	H	0.001747	0.000000	0.000019	0.000002	0.000004	0.868878	0.000403	0.000000	0.000000	0.000005	0.000000	0.000050	0.000012	0.128687	0.000230	0.000000	0.000000	0.000000
21	I	H	0.002380	0.000000	0.000018	0.000002	0.000003	0.868391	0.000488	0.000000	0.000000	0.000005	0.000000	0.000028	0.000005	0.128368	0.000349	0.000000	0.000000	0.000000
22	A	H	0.003216	0.000000	0.000016	0.000002	0.000002	0.867647	0.000751	0.000000	0.000000	0.000004	0.000000	0.000013	0.000001	0.127723	0.000663	0.000000	0.000000	0.000000
23	F	H	0.004628	0.000000	0.000015	0.000002	0.000001	0.866573	0.001078	0.000000	0.000000	0.000004	0.000000	0.000004	0.000000	0.126511	0.001222	0.000000	0.000000	0.000000
24	T	H	0.006927	0.000000	0.000012	0.000004	0.000000	0.866024	0.000552	0.000000	0.000000	0.000003	0.000001	0.000000	0.000000	0.125152	0.001362	0.000000	0.000000	0.000000
25	T	H	0.008841	0.000000	0.000003	0.000013	0.000000	0.865586	0.000441	0.000000	0.000000	0.000002	0.000002	0.000000	0.000000	0.122193	0.002959	0.000000	0.000000	0.000000
26	A	H	0.012243	0.000000	0.000001	0.000012	0.000000	0.854471	0.011113	0.000000	0.000000	0.000001	0.000002	0.000000	0.000000	0.106684	0.015509	0.000000	0.000000	0.000000
27	C	c	0.038868	0.000000	0.000000	0.000009	0.000000	0.006070	0.848404	0.000000	0.000000	0.000001	0.000001	0.000000	0.000000	0.011018	0.095665	0.000000	0.000000	0.000000
28	G	O	0.982948	0.000000	0.000000	0.000003	0.000000	0.001023	0.005047	0.000000	0.000000	0.000001	0.000001	0.000000	0.000000	0.002670	0.008348	0.000000	0.000000	0.000000
29	E	O	0.996343	0.000000	0.000000	0.000001	0.000000	0.000171	0.000853	0.000000	0.000000	0.000001	0.000001	0.000000	0.000000	0.000731	0.001939	0.000000	0.000000	0.000000
30	V	O	0.999129	0.000000	0.000000	0.000001	0.000000	0.000034	0.000137	0.000000	0.000000	0.000000	0.000000	0.000000	0.000000	0.000227	0.000504	0.000000	0.000000	0.000000
31	P	O	0.999772	0.000000	0.000000	0.000001	0.000000	0.000008	0.000026	0.000000	0.000000	0.000000	0.000000	0.000000	0.000000	0.000077	0.000149	0.000000	0.000000	0.000000
32	N	O	0.999949	0.000000	0.000000	0.000000	0.000000	0.000002	0.000006	0.000000	0.000000	0.000000	0.000000	0.000000	0.000000	0.000028	0.000050	0.000000	0.000000	0.000000
33	G	O	0.999999	0.000000	0.000000	0.000000	0.000000	0.000001	0.000002	0.000000	0.000000	0.000000	0.000000	0.000000	0.000000	0.000010	0.000018	0.000000	0.000000	0.000000
34	N	O	1.000000	0.000000	0.000000	0.000000	0.000000	0.000000	0.000001	0.000000	0.000000	0.000000	0.000000	0.000000	0.000000	0.000003	0.000006	0.000000	0.000000	0.000000
35	N	O	1.000000	0.000000	0.000000	0.000000	0.000000	0.000000	0.000000	0.000000	0.000000	0.000000	0.000000	0.000000	0.000000	0.000001	0.000002	0.000000	0.000000	0.000000
36	L	O	1.000000	0.000000	0.000000	0.000000	0.000000	0.000000	0.000000	0.000000	0.000000	0.000000	0.000000	0.000000	0.000000	0.000000	0.000001	0.000000	0.000000	0.000000
37	P	O	1.000000	0.000000	0.000000	0.000000	0.000000	0.000000	0.000000	0.000000	0.000000	0.000000	0.000000	0.000000	0.000000	0.000000	0.000000	0.000000	0.000000	0.000000
38	P	O	1.000000	0.000000	0.000000	0.000000	0.000000	0.000000	0.000000	0.000000	0.000000	0.000000	0.000000	0.000000	0.000000	0.000000	0.000000	0.000000	0.000000	0.000000
39	V	O	1.000000	0.000000	0.000000	0.000000	0.000000	0.000000	0.000000	0.000000	0.000000	0.000000	0.000000	0.000000	0.000000	0.000000	0.000000	0.000000	0.000000	0.000000
40	V	O	1.000000	0.000000	0.000000	0.000000	0.000000	0.000000	0.000000	0.000000	0.000000	0.000000	0.000000	0.000000	0.000000	0.000000	0.000000	0.000000	0.000000	0.000000
41	N	O	1.000000	0.000000	0.000000	0.000000	0.000000	0.000000	0.000000	0.000000	0.000000	0.000000	0.000000	0.000000	0.000000	0.000000	0.000000	0.000000	0.000000	0.000000
42	E	O	1.000000	0.000000	0.000000	0.000000	0.000000	0.000000	0.000000	0.000000	0.000000	0.000000	0.000000	0.000000	0.000000	0.000000	0.000000	0.000000	0.000000	0.000000
43	Q	O	1.000000	0.000000	0.000000	0.000000	0.000000	0.000000	0.000000	0.000000	0.000000	0.000000	0.000000	0.000000	0.000000	0.000000	0.000000	0.000000	0.000000	0.000000
44	P	O	1.000000	0.000000	0.000000	0.000000	0.000000	0.000000	0.000000	0.000000	0.000000	0.000000	0.000000	0.000000	0.000000	0.000000	0.000000	0.000000	0.000000	0.000000
45	P	O	1.000000	0.000000	0.000000	0.000000	0.000000	0.000000	0.000000	0.000000	0.000000	0.000000	0.000000	0.000000	0.000000	0.000000	0.000000	0.000000	0.000000	0.000000
46	V	O	1.000000	0.000000	0.000000	0.000000	0.000000	0.000000	0.000000	0.000000	0.000000	0.000000	0.000000	0.000000	0.000000	0.000000	0.000000	0.000000	0.000000	0.000000
47	D	O	1.000000	0.000000	0.000000	0.000000	0.000000	0.000000	0.000000	0.000000	0.000000	0.000000	0.000000	0.000000	0.000000	0.000000	0.000000	0.000000	0.000000	0.000000
48	N	O	1.000000	0.000000	0.000000	0.000000	0.000000	0.000000	0.000000	0.000000	0.000000	0.000000	0.000000	0.000000	0.000000	0.000000	0.000000	0.000000	0.000000	0.000000
49	N	O	1.000000	0.000000	0.000000	0.000000	0.000000	0.000000	0.000000	0.000000	0.000000	0.000000	0.000000	0.000000	0.000000	0.000000	0.000000	0.000000	0.000000	0.000000
50	N	O	1.000000	0.000000	0.000000	0.000000	0.000000	0.000000	0.000000	0.000000	0.000000	0.000000	0.000000	0.000000	0.000000	0.000000	0.000000	0.000000	0.000000	0.000000
51	P	O	1.000000	0.000000	0.000000	0.000000	0.000000	0.000000	0.000000	0.000000	0.000000	0.000000	0.000000	0.000000	0.000000	0.000000	0.000000	0.000000	0.000000	0.000000
52	P	O	1.000000	0.000000	0.000000	0.000000	0.000000	0.000000	0.000000	0.000000	0.000000	0.000000	0.000000	0.000000	0.000000	0.000000	0.000000	0.000000	0.000000	0.000000
53	P	O	1.000000	0.000000	0.000000	0.000000	0.000000	0.000000	0.000000	0.000000	0.000000	0.000000	0.000000	0.000000	0.000000	0.000000	0.000000	0.000000	0.000000	0.000000
54	D	O	1.000000	0.000000	0.000000	0.000000	0.000000	0.000000	0.000000	0.000000	0.000000	0.000000	0.000000	0.000000	0.000000	0.000000	0.000000	0.000000	0.000000	0.000000
55	G	O	1.000000	0.000000	0.000000	0.000000	0.000000	0.000000	0.000000	0.000000	0.000000	0.000000	0.000000	0.000000	0.000000	0.000000	0.000000	0.000000	0.000000	0.000000
56	E	O	1.000000	0.000000	0.000000	0.000000	0.000000	0.000000	0.000000	0.000000	0.000000	0.000000	0.000000	0.000000	0.000000	0.000000	0.000000	0.000000	0.000000	0.000000
57	D	O	1.000000	0.000000	0.000000	0.000000	0.000000	0.000000	0.000000	0.000000	0.000000	0.000000	0.000000	0.000000	0.000000	0.000000	0.000000	0.000000	0.000000	0.000000
58	P	O	1.000000	0.000000	0.000000	0.000000	0.000000	0.000000	0.000000	0.000000	0.000000	0.000000	0.000000	0.000000	0.000000	0.000000	0.000000	0.000000	0.000000	0.000000
59	T	O	1.000000	0.000000	0.000000	0.000000	0.000000	0.000000	0.000000	0.000000	0.000000	0.000000	0.000000	0.000000	0.000000	0.000000	0.000000	0.000000	0.000000	0.000000
60	D	O	1.000000	0.000000	0.000000	0.000000	0.000000	0.000000	0.000000	0.000000	0.000000	0.000000	0.000000	0.000000	0.000000	0.000000	0.000000	0.000000	0.000000	0.000000
61	N	O	1.000000	0.000000	0.000000	0.000000	0.000000	0.000000	0.000000	0.000000	0.000000	0.000000	0.000000	0.000000	0.000000	0.000000	0.000000	0.000000	0.000000	0.000000
62	N	O	1.000000	0.000000	0.000000	0.000000	0.000000	0.000000	0.000000	0.000000	0.000000	0.000000	0.000000	0.000000	0.000000	0.000000	0.000000	0.000000	0.000000	0.000000
63	P	O	1.000000	0.000000	0.000000	0.000000	0.000000	0.000000	0.000000	0.000000	0.000000	0.000000	0.000000	0.000000	0.000000	0.000000	0.000000	0.000000	0.000000	0.000000
64	D	O	1.000000	0.000000	0.000000	0.000000	0.000000	0.000000	0.000000	0.000000	0.000000	0.000000	0.000000	0.000000	0.000000	0.000000	0.000000	0.000000	0.000000	0.000000
65	S	O	1.000000	0.000000	0.000000	0.000000	0.000000	0.000000	0.000000	0.000000	0.000000	0.000000	0.000000	0.000000	0.000000	0.000000	0.000000	0.000000	0.000000	0.000000
66	N	O	1.000000	0.000000	0.000000	0.000000	0.000000	0.000000	0.000000	0.000000	0.000000	0.000000	0.000000	0.000000	0.000000	0.000000	0.000000	0.000000	0.000000	0.000000
67	P	O	1.000000	0.000000	0.000000	0.000000	0.000000	0.000000	0.000000	0.000000	0.000000	0.000000	0.000000	0.000000	0.000000	0.000000	0.000000	0.000000	0.000000	0.000000
68	G	O	0.999998	0.000000	0.000000	0.000000	0.000000	0.000000	0.000000	0.000000	0.000000	0.000000	0.000000	0.000000	0.000000	0.000000	0.000000	0.000000	0.000000	0.000000
69	E	O	0.999997	0.000000	0.000000	0.000000	0.000000	0.000000	0.000000	0.000000	0.000000	0.000000	0.000000	0.000000	0.000000	0.000000	0.000000	0.000000	0.000000	0.000000
70	T	O	1.000000	0.000000	0.000000	0.000000	0.000000	0.000000	0.000000	0.000000	0.000000	0.000000	0.000000	0.000000	0.000000	0.000000	0.000000	0.000000	0.000000	0.000000
