# Name=gene-SYNPCC7002_RS06245
# pos	aa	label	Other	Sec/SPI n	Sec/SPI h	Sec/SPI c	Sec/SPII n	Sec/SPII h	Sec/SPII cys	Tat/SPI n	Tat/SPI RR	Tat/SPI h	Tat/SPI c	Tat/SPII n	Tat/SPII RR	Tat/SPII h	Tat/SPII cys	Sec/SPIII P	Sec/SPIII cons.	Sec/SPIII h
1	S	N	0.000008	0.000002	0.000000	0.000000	0.000001	0.000000	0.000000	0.997919	0.000000	0.000000	0.000000	0.002069	0.000000	0.000000	0.000000	0.000000	0.000000	0.000000
2	D	N	0.000008	0.000002	0.000000	0.000000	0.000001	0.000000	0.000000	0.970647	0.027273	0.000003	0.000000	0.001783	0.000286	0.000000	0.000000	0.000000	0.000000	0.000000
3	N	N	0.000008	0.000002	0.000000	0.000000	0.000000	0.000000	0.000000	0.971121	0.026797	0.000007	0.000000	0.001790	0.000279	0.000000	0.000000	0.000000	0.000000	0.000000
4	T	N	0.000008	0.000002	0.000000	0.000000	0.000000	0.000000	0.000000	0.969729	0.028174	0.000016	0.000000	0.001787	0.000282	0.000001	0.000000	0.000000	0.000000	0.000000
5	S	N	0.000008	0.000002	0.000000	0.000000	0.000000	0.000000	0.000000	0.966545	0.031346	0.000031	0.000000	0.001781	0.000287	0.000001	0.000000	0.000000	0.000000	0.000000
6	L	N	0.000009	0.000002	0.000000	0.000000	0.000000	0.000000	0.000000	0.968472	0.029383	0.000058	0.000000	0.001790	0.000277	0.000002	0.000000	0.000000	0.000000	0.000000
7	P	N	0.000009	0.000002	0.000000	0.000000	0.000000	0.000000	0.000000	0.976522	0.021287	0.000106	0.000000	0.001817	0.000249	0.000003	0.000000	0.000000	0.000000	0.000000
8	P	N	0.000009	0.000002	0.000000	0.000000	0.000000	0.000000	0.000000	0.980830	0.016863	0.000227	0.000001	0.001835	0.000228	0.000006	0.000000	0.000000	0.000000	0.000000
9	I	N	0.000009	0.000002	0.000000	0.000000	0.000000	0.000000	0.000000	0.980598	0.016735	0.000587	0.000001	0.001833	0.000223	0.000013	0.000000	0.000000	0.000000	0.000000
10	S	N	0.000009	0.000002	0.000000	0.000000	0.000000	0.000000	0.000000	0.982650	0.013633	0.001636	0.000001	0.001793	0.000244	0.000031	0.000000	0.000000	0.000000	0.000000
11	R	R	0.000010	0.000002	0.000000	0.000000	0.000000	0.000000	0.000000	0.062999	0.929128	0.005790	0.000001	0.000403	0.001585	0.000080	0.000000	0.000000	0.000000	0.000000
12	R	R	0.000010	0.000002	0.000001	0.000000	0.000000	0.000000	0.000000	0.048061	0.942248	0.007603	0.000001	0.000384	0.001571	0.000113	0.000000	0.000000	0.000000	0.000000
13	S	N	0.000011	0.000001	0.000001	0.000000	0.000000	0.000000	0.000000	0.966811	0.011721	0.019373	0.000001	0.001569	0.000302	0.000197	0.000000	0.000000	0.000000	0.000000
14	A	H	0.000012	0.000001	0.000001	0.000000	0.000000	0.000000	0.000000	0.089681	0.007512	0.900713	0.000001	0.000611	0.000303	0.001154	0.000000	0.000000	0.000000	0.000000
15	L	H	0.000012	0.000001	0.000001	0.000000	0.000000	0.000000	0.000000	0.013402	0.002672	0.981826	0.000010	0.000375	0.000196	0.001496	0.000000	0.000000	0.000000	0.000000
16	K	H	0.000016	0.000001	0.000001	0.000000	0.000000	0.000000	0.000000	0.004240	0.000846	0.992793	0.000026	0.000261	0.000095	0.001710	0.000001	0.000000	0.000000	0.000000
17	L	H	0.000026	0.000000	0.000002	0.000000	0.000000	0.000000	0.000000	0.002095	0.000203	0.995554	0.000040	0.000160	0.000035	0.001868	0.000003	0.000000	0.000000	0.000000
18	L	H	0.000041	0.000000	0.000002	0.000000	0.000000	0.000000	0.000000	0.000906	0.000100	0.996801	0.000073	0.000077	0.000018	0.001964	0.000004	0.000000	0.000000	0.000000
19	G	H	0.000066	0.000000	0.000002	0.000000	0.000000	0.000000	0.000000	0.000476	0.000093	0.997151	0.000148	0.000038	0.000012	0.002003	0.000005	0.000000	0.000000	0.000000
20	V	H	0.000122	0.000000	0.000002	0.000000	0.000000	0.000000	0.000000	0.000410	0.000066	0.997105	0.000234	0.000025	0.000007	0.002010	0.000011	0.000000	0.000000	0.000000
21	G	H	0.000212	0.000000	0.000002	0.000000	0.000000	0.000000	0.000000	0.000375	0.000041	0.996945	0.000371	0.000017	0.000005	0.002001	0.000020	0.000000	0.000000	0.000000
22	A	H	0.000372	0.000000	0.000002	0.000000	0.000000	0.000000	0.000000	0.000336	0.000035	0.996710	0.000509	0.000012	0.000003	0.001965	0.000043	0.000000	0.000000	0.000000
23	A	H	0.000594	0.000000	0.000002	0.000000	0.000000	0.000000	0.000000	0.000304	0.000026	0.996276	0.000808	0.000008	0.000002	0.001895	0.000075	0.000000	0.000000	0.000000
24	G	H	0.000883	0.000000	0.000002	0.000000	0.000000	0.000000	0.000000	0.000274	0.000017	0.995266	0.001644	0.000006	0.000001	0.001780	0.000118	0.000000	0.000000	0.000000
25	S	H	0.001273	0.000000	0.000002	0.000000	0.000000	0.000000	0.000000	0.000235	0.000014	0.992309	0.004375	0.000004	0.000001	0.001616	0.000166	0.000000	0.000000	0.000000
26	M	H	0.001796	0.000000	0.000002	0.000000	0.000000	0.000000	0.000000	0.000195	0.000009	0.982261	0.014106	0.000003	0.000001	0.001432	0.000185	0.000000	0.000000	0.000000
27	V	H	0.002435	0.000000	0.000001	0.000001	0.000000	0.000000	0.000000	0.000152	0.000006	0.942665	0.053296	0.000002	0.000001	0.001193	0.000240	0.000000	0.000000	0.000000
28	G	H	0.003352	0.000000	0.000001	0.000001	0.000000	0.000000	0.000000	0.000112	0.000004	0.780943	0.214382	0.000002	0.000000	0.000841	0.000352	0.000000	0.000000	0.000000
29	Y	H	0.006007	0.000000	0.000001	0.000001	0.000000	0.000000	0.000000	0.000070	0.000003	0.542969	0.450096	0.000002	0.000000	0.000481	0.000360	0.000000	0.000000	0.000000
30	T	C	0.011037	0.000000	0.000000	0.000002	0.000000	0.000000	0.000000	0.000037	0.000004	0.261757	0.726665	0.000001	0.000000	0.000275	0.000206	0.000000	0.000000	0.000000
31	R	C	0.021715	0.000000	0.000000	0.000002	0.000000	0.000000	0.000000	0.000028	0.000007	0.034839	0.943119	0.000001	0.000001	0.000151	0.000125	0.000000	0.000000	0.000000
32	F	C	0.059463	0.000000	0.000000	0.000002	0.000000	0.000000	0.000000	0.000025	0.000002	0.009224	0.931115	0.000001	0.000000	0.000063	0.000088	0.000000	0.000000	0.000000
33	A	C	0.164469	0.000000	0.000000	0.000002	0.000000	0.000000	0.000000	0.000021	0.000001	0.001981	0.833449	0.000001	0.000000	0.000021	0.000043	0.000000	0.000000	0.000000
34	K	O	0.519128	0.000000	0.000000	0.000001	0.000000	0.000000	0.000000	0.000011	0.000002	0.001069	0.479758	0.000001	0.000000	0.000009	0.000013	0.000000	0.000000	0.000000
35	P	O	0.697647	0.000000	0.000000	0.000001	0.000000	0.000000	0.000000	0.000010	0.000001	0.000427	0.301897	0.000001	0.000000	0.000004	0.000005	0.000000	0.000000	0.000000
36	H	O	0.846033	0.000000	0.000000	0.000000	0.000000	0.000000	0.000000	0.000006	0.000001	0.000243	0.153702	0.000001	0.000000	0.000002	0.000002	0.000000	0.000000	0.000000
37	P	O	0.911997	0.000000	0.000000	0.000000	0.000000	0.000000	0.000000	0.000004	0.000000	0.000124	0.087860	0.000001	0.000000	0.000001	0.000001	0.000000	0.000000	0.000000
38	T	O	0.953104	0.000000	0.000000	0.000000	0.000000	0.000000	0.000000	0.000002	0.000000	0.000070	0.046812	0.000001	0.000000	0.000001	0.000000	0.000000	0.000000	0.000000
39	I	O	0.972053	0.000000	0.000000	0.000000	0.000000	0.000000	0.000000	0.000001	0.000000	0.000034	0.027902	0.000001	0.000000	0.000001	0.000000	0.000000	0.000000	0.000000
40	H	O	0.982841	0.000000	0.000000	0.000000	0.000000	0.000000	0.000000	0.000001	0.000000	0.000011	0.017135	0.000001	0.000000	0.000000	0.000000	0.000000	0.000000	0.000000
41	Q	O	0.991671	0.000000	0.000000	0.000000	0.000000	0.000000	0.000000	0.000000	0.000000	0.000003	0.008320	0.000001	0.000000	0.000000	0.000000	0.000000	0.000000	0.000000
42	Q	O	0.997410	0.000000	0.000000	0.000000	0.000000	0.000000	0.000000	0.000000	0.000000	0.000002	0.002580	0.000000	0.000000	0.000000	0.000000	0.000000	0.000000	0.000000
43	E	O	0.999012	0.000000	0.000000	0.000000	0.000000	0.000000	0.000000	0.000000	0.000000	0.000001	0.000981	0.000001	0.000000	0.000000	0.000000	0.000000	0.000000	0.000000
44	S	O	0.999642	0.000000	0.000000	0.000000	0.000000	0.000000	0.000000	0.000000	0.000000	0.000000	0.000346	0.000000	0.000000	0.000000	0.000000	0.000000	0.000000	0.000000
45	L	O	0.999874	0.000000	0.000000	0.000000	0.000000	0.000000	0.000000	0.000000	0.000000	0.000000	0.000117	0.000000	0.000000	0.000000	0.000000	0.000000	0.000000	0.000000
46	D	O	0.999937	0.000000	0.000000	0.000000	0.000000	0.000000	0.000000	0.000000	0.000000	0.000000	0.000049	0.000000	0.000000	0.000000	0.000000	0.000000	0.000000	0.000000
47	L	O	0.999971	0.000000	0.000000	0.000000	0.000000	0.000000	0.000000	0.000000	0.000000	0.000000	0.000019	0.000000	0.000000	0.000000	0.000000	0.000000	0.000000	0.000000
48	P	O	0.999978	0.000000	0.000000	0.000000	0.000000	0.000000	0.000000	0.000000	0.000000	0.000000	0.000009	0.000000	0.000000	0.000000	0.000000	0.000000	0.000000	0.000000
49	H	O	0.999983	0.000000	0.000000	0.000000	0.000000	0.000000	0.000000	0.000000	0.000000	0.000000	0.000004	0.000000	0.000000	0.000000	0.000000	0.000000	0.000000	0.000000
50	Y	O	0.999986	0.000000	0.000000	0.000000	0.000000	0.000000	0.000000	0.000000	0.000000	0.000000	0.000002	0.000000	0.000000	0.000000	0.000000	0.000000	0.000000	0.000000
51	H	O	0.999991	0.000000	0.000000	0.000000	0.000000	0.000000	0.000000	0.000000	0.000000	0.000000	0.000001	0.000000	0.000000	0.000000	0.000000	0.000000	0.000000	0.000000
52	S	O	0.999990	0.000000	0.000000	0.000000	0.000000	0.000000	0.000000	0.000000	0.000000	0.000000	0.000001	0.000000	0.000000	0.000000	0.000000	0.000000	0.000000	0.000000
53	Q	O	0.999992	0.000000	0.000000	0.000000	0.000000	0.000000	0.000000	0.000000	0.000000	0.000000	0.000000	0.000000	0.000000	0.000000	0.000000	0.000000	0.000000	0.000000
54	G	O	0.999993	0.000000	0.000000	0.000000	0.000000	0.000000	0.000000	0.000000	0.000000	0.000000	0.000000	0.000000	0.000000	0.000000	0.000000	0.000000	0.000000	0.000000
55	K	O	0.999989	0.000000	0.000000	0.000000	0.000000	0.000000	0.000000	0.000000	0.000000	0.000000	0.000000	0.000000	0.000000	0.000000	0.000000	0.000000	0.000000	0.000000
56	K	O	0.999987	0.000000	0.000000	0.000000	0.000000	0.000000	0.000000	0.000000	0.000000	0.000000	0.000000	0.000000	0.000000	0.000000	0.000000	0.000000	0.000000	0.000000
57	V	O	0.999991	0.000000	0.000000	0.000000	0.000000	0.000000	0.000000	0.000000	0.000000	0.000000	0.000000	0.000000	0.000000	0.000000	0.000000	0.000000	0.000000	0.000000
58	V	O	0.999987	0.000000	0.000000	0.000000	0.000000	0.000000	0.000000	0.000000	0.000000	0.000000	0.000000	0.000000	0.000000	0.000000	0.000000	0.000000	0.000000	0.000000
59	V	O	0.999986	0.000000	0.000000	0.000000	0.000000	0.000000	0.000000	0.000000	0.000000	0.000000	0.000000	0.000000	0.000000	0.000000	0.000000	0.000000	0.000000	0.000000
60	I	O	0.999986	0.000000	0.000000	0.000000	0.000000	0.000000	0.000000	0.000000	0.000000	0.000000	0.000000	0.000000	0.000000	0.000000	0.000000	0.000000	0.000000	0.000000
61	G	O	0.999992	0.000000	0.000000	0.000000	0.000000	0.000000	0.000000	0.000000	0.000000	0.000000	0.000000	0.000000	0.000000	0.000000	0.000000	0.000000	0.000000	0.000000
62	G	O	0.999996	0.000000	0.000000	0.000000	0.000000	0.000000	0.000000	0.000000	0.000000	0.000001	0.000000	0.000000	0.000000	0.000001	0.000000	0.000000	0.000000	0.000000
63	G	O	0.999991	0.000000	0.000000	0.000000	0.000000	0.000000	0.000000	0.000000	0.000000	0.000001	0.000000	0.000000	0.000000	0.000001	0.000000	0.000000	0.000000	0.000000
64	L	O	0.999990	0.000000	0.000000	0.000000	0.000000	0.000000	0.000000	0.000000	0.000000	0.000001	0.000000	0.000000	0.000000	0.000001	0.000000	0.000000	0.000000	0.000000
65	A	O	0.999994	0.000000	0.000000	0.000000	0.000000	0.000000	0.000000	0.000000	0.000000	0.000001	0.000000	0.000000	0.000000	0.000000	0.000000	0.000000	0.000000	0.000000
66	G	O	0.999994	0.000000	0.000000	0.000000	0.000000	0.000000	0.000000	0.000000	0.000000	0.000001	0.000000	0.000000	0.000000	0.000000	0.000000	0.000000	0.000000	0.000000
67	L	O	0.999992	0.000000	0.000000	0.000000	0.000000	0.000000	0.000000	0.000000	0.000000	0.000000	0.000000	0.000000	0.000000	0.000000	0.000000	0.000000	0.000000	0.000000
68	A	O	1.000000	0.000000	0.000000	0.000000	0.000000	0.000000	0.000000	0.000000	0.000000	0.000000	0.000001	0.000000	0.000000	0.000000	0.000000	0.000000	0.000000	0.000000
69	A	O	0.999999	0.000000	0.000000	0.000000	0.000000	0.000000	0.000000	0.000000	0.000000	0.000000	0.000000	0.000000	0.000000	0.000000	0.000000	0.000000	0.000000	0.000000
70	A	O	0.999998	0.000000	0.000000	0.000000	0.000000	0.000000	0.000000	0.000000	0.000000	0.000000	0.000000	0.000000	0.000000	0.000000	0.000000	0.000000	0.000000	0.000000
