# Name=gene-SYNPCC7002_RS07555
# pos	aa	label	Other	Sec/SPI n	Sec/SPI h	Sec/SPI c	Sec/SPII n	Sec/SPII h	Sec/SPII cys	Tat/SPI n	Tat/SPI RR	Tat/SPI h	Tat/SPI c	Tat/SPII n	Tat/SPII RR	Tat/SPII h	Tat/SPII cys	Sec/SPIII P	Sec/SPIII cons.	Sec/SPIII h
1	K	O	0.999256	0.000613	0.000000	0.000000	0.000115	0.000000	0.000000	0.000000	0.000000	0.000000	0.000000	0.000000	0.000000	0.000000	0.000000	0.000003	0.000000	0.000000
2	D	O	0.999257	0.000540	0.000074	0.000000	0.000085	0.000029	0.000000	0.000000	0.000000	0.000000	0.000000	0.000000	0.000000	0.000000	0.000000	0.000003	0.000001	0.000000
3	I	O	0.999256	0.000467	0.000131	0.000015	0.000061	0.000054	0.000000	0.000000	0.000000	0.000000	0.000000	0.000000	0.000000	0.000000	0.000000	0.000002	0.000001	0.000001
4	R	O	0.999267	0.000413	0.000155	0.000041	0.000046	0.000063	0.000006	0.000000	0.000000	0.000000	0.000000	0.000000	0.000000	0.000000	0.000000	0.000001	0.000001	0.000001
5	Y	O	0.999281	0.000365	0.000167	0.000064	0.000034	0.000062	0.000012	0.000000	0.000000	0.000000	0.000000	0.000000	0.000000	0.000000	0.000000	0.000001	0.000001	0.000001
6	I	O	0.999315	0.000323	0.000171	0.000086	0.000025	0.000057	0.000014	0.000000	0.000000	0.000000	0.000000	0.000000	0.000000	0.000000	0.000000	0.000001	0.000000	0.000000
7	I	O	0.999346	0.000288	0.000163	0.000109	0.000019	0.000052	0.000012	0.000000	0.000000	0.000000	0.000000	0.000000	0.000000	0.000000	0.000000	0.000001	0.000000	0.000000
8	K	O	0.999383	0.000259	0.000145	0.000133	0.000015	0.000045	0.000011	0.000000	0.000000	0.000000	0.000000	0.000000	0.000000	0.000000	0.000000	0.000001	0.000000	0.000000
9	R	O	0.999424	0.000232	0.000130	0.000148	0.000011	0.000038	0.000011	0.000000	0.000000	0.000000	0.000000	0.000000	0.000000	0.000000	0.000000	0.000001	0.000000	0.000000
10	T	O	0.999464	0.000204	0.000125	0.000152	0.000008	0.000032	0.000009	0.000000	0.000000	0.000000	0.000000	0.000000	0.000000	0.000000	0.000000	0.000000	0.000000	0.000000
11	S	O	0.999503	0.000176	0.000121	0.000156	0.000006	0.000027	0.000007	0.000000	0.000000	0.000000	0.000000	0.000000	0.000000	0.000000	0.000000	0.000000	0.000000	0.000000
12	H	O	0.999541	0.000150	0.000117	0.000157	0.000004	0.000023	0.000006	0.000000	0.000000	0.000000	0.000000	0.000000	0.000000	0.000000	0.000000	0.000000	0.000000	0.000000
13	F	O	0.999576	0.000125	0.000117	0.000149	0.000003	0.000019	0.000005	0.000000	0.000000	0.000000	0.000000	0.000000	0.000000	0.000000	0.000000	0.000000	0.000000	0.000000
14	L	O	0.999619	0.000104	0.000116	0.000137	0.000002	0.000015	0.000005	0.000000	0.000000	0.000000	0.000000	0.000000	0.000000	0.000000	0.000000	0.000000	0.000000	0.000000
15	K	O	0.999648	0.000087	0.000107	0.000137	0.000001	0.000012	0.000004	0.000000	0.000000	0.000000	0.000000	0.000000	0.000000	0.000000	0.000000	0.000000	0.000000	0.000000
16	Y	O	0.999683	0.000071	0.000098	0.000136	0.000001	0.000009	0.000003	0.000000	0.000000	0.000000	0.000000	0.000000	0.000000	0.000000	0.000000	0.000000	0.000000	0.000000
17	G	O	0.999707	0.000057	0.000087	0.000136	0.000001	0.000007	0.000002	0.000000	0.000000	0.000000	0.000000	0.000000	0.000000	0.000000	0.000000	0.000000	0.000000	0.000000
18	L	O	0.999733	0.000044	0.000082	0.000130	0.000001	0.000005	0.000002	0.000000	0.000000	0.000000	0.000000	0.000000	0.000000	0.000000	0.000000	0.000000	0.000000	0.000000
19	H	O	0.999754	0.000034	0.000069	0.000137	0.000000	0.000004	0.000001	0.000000	0.000000	0.000000	0.000000	0.000000	0.000000	0.000000	0.000000	0.000000	0.000000	0.000000
20	H	O	0.999770	0.000027	0.000056	0.000141	0.000000	0.000003	0.000001	0.000000	0.000000	0.000000	0.000000	0.000000	0.000000	0.000000	0.000000	0.000000	0.000000	0.000000
21	S	O	0.999797	0.000020	0.000047	0.000136	0.000000	0.000003	0.000001	0.000000	0.000000	0.000000	0.000000	0.000000	0.000000	0.000000	0.000000	0.000000	0.000000	0.000000
22	L	O	0.999816	0.000015	0.000039	0.000129	0.000000	0.000002	0.000001	0.000000	0.000000	0.000000	0.000000	0.000000	0.000000	0.000000	0.000000	0.000000	0.000000	0.000000
23	L	O	0.999833	0.000012	0.000027	0.000127	0.000000	0.000002	0.000001	0.000000	0.000000	0.000000	0.000000	0.000000	0.000000	0.000000	0.000000	0.000000	0.000000	0.000000
24	W	O	0.999851	0.000010	0.000018	0.000118	0.000000	0.000001	0.000001	0.000000	0.000000	0.000000	0.000000	0.000000	0.000000	0.000000	0.000000	0.000000	0.000000	0.000000
25	A	O	0.999880	0.000008	0.000012	0.000098	0.000000	0.000001	0.000000	0.000000	0.000000	0.000000	0.000000	0.000000	0.000000	0.000000	0.000000	0.000000	0.000000	0.000000
26	R	O	0.999912	0.000007	0.000009	0.000073	0.000000	0.000000	0.000000	0.000000	0.000000	0.000000	0.000000	0.000000	0.000000	0.000000	0.000000	0.000000	0.000000	0.000000
27	P	O	0.999930	0.000006	0.000006	0.000056	0.000000	0.000000	0.000000	0.000000	0.000000	0.000000	0.000000	0.000000	0.000000	0.000000	0.000000	0.000000	0.000000	0.000000
28	K	O	0.999950	0.000005	0.000005	0.000044	0.000000	0.000000	0.000000	0.000000	0.000000	0.000000	0.000000	0.000000	0.000000	0.000000	0.000000	0.000000	0.000000	0.000000
29	H	O	0.999962	0.000005	0.000003	0.000034	0.000000	0.000000	0.000000	0.000000	0.000000	0.000000	0.000000	0.000000	0.000000	0.000000	0.000000	0.000000	0.000000	0.000000
30	R	O	0.999971	0.000004	0.000002	0.000027	0.000000	0.000000	0.000000	0.000000	0.000000	0.000000	0.000000	0.000000	0.000000	0.000000	0.000000	0.000000	0.000000	0.000000
31	N	O	0.999976	0.000004	0.000002	0.000020	0.000000	0.000000	0.000000	0.000000	0.000000	0.000000	0.000000	0.000000	0.000000	0.000000	0.000000	0.000000	0.000000	0.000000
32	W	O	0.999977	0.000004	0.000002	0.000014	0.000000	0.000000	0.000000	0.000000	0.000000	0.000000	0.000000	0.000000	0.000000	0.000000	0.000000	0.000000	0.000000	0.000000
33	G	O	0.999985	0.000003	0.000002	0.000010	0.000000	0.000000	0.000000	0.000000	0.000000	0.000000	0.000000	0.000000	0.000000	0.000000	0.000000	0.000000	0.000000	0.000000
34	D	O	0.999993	0.000003	0.000002	0.000007	0.000000	0.000000	0.000000	0.000000	0.000000	0.000000	0.000000	0.000000	0.000000	0.000000	0.000000	0.000000	0.000000	0.000000
35	D	O	0.999988	0.000003	0.000002	0.000005	0.000000	0.000000	0.000000	0.000000	0.000000	0.000000	0.000000	0.000000	0.000000	0.000000	0.000000	0.000000	0.000000	0.000000
36	L	O	0.999991	0.000003	0.000002	0.000004	0.000000	0.000000	0.000000	0.000000	0.000000	0.000000	0.000000	0.000000	0.000000	0.000000	0.000000	0.000000	0.000000	0.000000
37	N	O	0.999992	0.000002	0.000002	0.000003	0.000000	0.000000	0.000000	0.000000	0.000000	0.000000	0.000000	0.000000	0.000000	0.000000	0.000000	0.000000	0.000000	0.000000
38	P	O	0.999989	0.000002	0.000002	0.000003	0.000000	0.000000	0.000000	0.000000	0.000000	0.000000	0.000000	0.000000	0.000000	0.000000	0.000000	0.000000	0.000000	0.000000
39	W	O	0.999993	0.000002	0.000002	0.000003	0.000000	0.000000	0.000000	0.000000	0.000000	0.000000	0.000000	0.000000	0.000000	0.000000	0.000000	0.000000	0.000000	0.000000
40	L	O	0.999995	0.000002	0.000002	0.000003	0.000000	0.000000	0.000000	0.000000	0.000000	0.000000	0.000000	0.000000	0.000000	0.000000	0.000000	0.000000	0.000000	0.000000
41	F	O	0.999993	0.000001	0.000001	0.000003	0.000000	0.000000	0.000000	0.000000	0.000000	0.000000	0.000000	0.000000	0.000000	0.000000	0.000000	0.000000	0.000000	0.000000
42	E	O	0.999996	0.000001	0.000001	0.000003	0.000000	0.000000	0.000000	0.000000	0.000000	0.000000	0.000000	0.000000	0.000000	0.000000	0.000000	0.000000	0.000000	0.000000
43	K	O	0.999993	0.000001	0.000001	0.000003	0.000000	0.000000	0.000000	0.000000	0.000000	0.000000	0.000000	0.000000	0.000000	0.000000	0.000000	0.000000	0.000000	0.000000
44	L	O	0.999992	0.000001	0.000001	0.000003	0.000000	0.000000	0.000000	0.000000	0.000000	0.000000	0.000000	0.000000	0.000000	0.000000	0.000000	0.000000	0.000000	0.000000
45	T	O	0.999998	0.000001	0.000001	0.000003	0.000000	0.000000	0.000000	0.000000	0.000000	0.000000	0.000000	0.000000	0.000000	0.000000	0.000000	0.000000	0.000000	0.000000
46	G	O	0.999998	0.000001	0.000001	0.000003	0.000000	0.000000	0.000000	0.000000	0.000000	0.000000	0.000000	0.000000	0.000000	0.000000	0.000000	0.000000	0.000000	0.000000
47	K	O	0.999995	0.000001	0.000001	0.000003	0.000001	0.000000	0.000000	0.000000	0.000000	0.000000	0.000000	0.000000	0.000000	0.000000	0.000000	0.000000	0.000000	0.000000
48	K	O	0.999997	0.000000	0.000001	0.000003	0.000001	0.000000	0.000000	0.000001	0.000000	0.000000	0.000000	0.000000	0.000000	0.000000	0.000000	0.000000	0.000000	0.000000
49	A	O	0.999994	0.000000	0.000001	0.000003	0.000001	0.000000	0.000000	0.000001	0.000000	0.000000	0.000000	0.000000	0.000000	0.000000	0.000000	0.000000	0.000000	0.000000
50	V	O	0.999995	0.000000	0.000000	0.000002	0.000001	0.000000	0.000000	0.000001	0.000000	0.000000	0.000000	0.000001	0.000000	0.000000	0.000000	0.000000	0.000000	0.000000
51	Y	O	0.999992	0.000000	0.000000	0.000002	0.000002	0.000000	0.000000	0.000002	0.000000	0.000000	0.000000	0.000001	0.000000	0.000000	0.000000	0.000000	0.000000	0.000000
52	C	O	0.999991	0.000000	0.000000	0.000002	0.000002	0.000000	0.000000	0.000002	0.000000	0.000000	0.000000	0.000001	0.000000	0.000000	0.000000	0.000001	0.000000	0.000000
53	P	O	0.999992	0.000000	0.000000	0.000002	0.000003	0.000001	0.000000	0.000003	0.000000	0.000000	0.000000	0.000001	0.000000	0.000000	0.000000	0.000001	0.000000	0.000000
54	H	O	0.999984	0.000000	0.000000	0.000002	0.000005	0.000001	0.000000	0.000004	0.000001	0.000000	0.000000	0.000001	0.000000	0.000000	0.000000	0.000001	0.000000	0.000000
55	K	O	0.999979	0.000000	0.000000	0.000002	0.000007	0.000001	0.000000	0.000006	0.000001	0.000000	0.000000	0.000002	0.000001	0.000000	0.000000	0.000001	0.000000	0.000000
56	S	O	0.999972	0.000000	0.000000	0.000001	0.000008	0.000002	0.000000	0.000008	0.000001	0.000000	0.000000	0.000003	0.000001	0.000000	0.000000	0.000002	0.000000	0.000000
57	C	O	0.999966	0.000000	0.000000	0.000001	0.000010	0.000003	0.000000	0.000010	0.000002	0.000001	0.000000	0.000003	0.000001	0.000000	0.000000	0.000002	0.000000	0.000000
58	R	O	0.999959	0.000000	0.000000	0.000001	0.000012	0.000004	0.000000	0.000007	0.000007	0.000002	0.000000	0.000002	0.000002	0.000001	0.000000	0.000003	0.000000	0.000000
59	R	O	0.999948	0.000000	0.000000	0.000001	0.000012	0.000008	0.000000	0.000010	0.000006	0.000004	0.000000	0.000003	0.000002	0.000002	0.000000	0.000003	0.000001	0.000000
60	F	O	0.999942	0.000000	0.000000	0.000000	0.000006	0.000015	0.000000	0.000012	0.000001	0.000012	0.000000	0.000003	0.000001	0.000004	0.000000	0.000003	0.000002	0.000000
61	L	O	0.999937	0.000000	0.000000	0.000000	0.000003	0.000020	0.000000	0.000004	0.000001	0.000022	0.000001	0.000001	0.000000	0.000007	0.000000	0.000002	0.000002	0.000001
62	M	O	0.999935	0.000000	0.000000	0.000000	0.000002	0.000022	0.000001	0.000003	0.000001	0.000024	0.000001	0.000001	0.000000	0.000008	0.000000	0.000002	0.000002	0.000002
63	A	O	0.999928	0.000000	0.000000	0.000000	0.000001	0.000022	0.000001	0.000003	0.000000	0.000025	0.000003	0.000001	0.000000	0.000009	0.000000	0.000002	0.000003	0.000002
64	G	O	0.999930	0.000000	0.000000	0.000000	0.000001	0.000020	0.000003	0.000003	0.000000	0.000025	0.000005	0.000000	0.000000	0.000009	0.000001	0.000002	0.000003	0.000003
65	S	O	0.999929	0.000000	0.000000	0.000000	0.000000	0.000017	0.000004	0.000003	0.000000	0.000024	0.000006	0.000000	0.000000	0.000008	0.000001	0.000002	0.000004	0.000003
66	I	O	0.999932	0.000000	0.000000	0.000000	0.000000	0.000015	0.000004	0.000002	0.000000	0.000022	0.000008	0.000000	0.000000	0.000007	0.000001	0.000001	0.000004	0.000004
67	L	O	0.999941	0.000000	0.000000	0.000000	0.000000	0.000012	0.000004	0.000001	0.000000	0.000018	0.000011	0.000000	0.000000	0.000006	0.000002	0.000001	0.000003	0.000005
68	T	O	0.999949	0.000000	0.000000	0.000000	0.000000	0.000008	0.000005	0.000000	0.000000	0.000011	0.000015	0.000000	0.000000	0.000004	0.000003	0.000000	0.000002	0.000006
69	G	O	0.999967	0.000000	0.000000	0.000000	0.000000	0.000000	0.000009	0.000000	0.000000	0.000000	0.000019	0.000000	0.000000	0.000000	0.000005	0.000000	0.000000	0.000005
70	A	O	1.000000	0.000000	0.000000	0.000000	0.000000	0.000000	0.000000	0.000000	0.000000	0.000000	0.000000	0.000000	0.000000	0.000000	0.000000	0.000000	0.000000	0.000000
