# Name=gene-SYNPCC7002_RS10810
# pos	aa	label	Other	Sec/SPI n	Sec/SPI h	Sec/SPI c	Sec/SPII n	Sec/SPII h	Sec/SPII cys	Tat/SPI n	Tat/SPI RR	Tat/SPI h	Tat/SPI c	Tat/SPII n	Tat/SPII RR	Tat/SPII h	Tat/SPII cys	Sec/SPIII P	Sec/SPIII cons.	Sec/SPIII h
1	P	O	0.853304	0.137993	0.000000	0.000000	0.008601	0.000000	0.000000	0.000002	0.000000	0.000000	0.000000	0.000010	0.000000	0.000000	0.000000	0.000069	0.000000	0.000000
2	S	O	0.853306	0.112909	0.025084	0.000000	0.006380	0.002222	0.000000	0.000001	0.000000	0.000000	0.000000	0.000008	0.000002	0.000000	0.000000	0.000061	0.000007	0.000000
3	S	O	0.853309	0.098263	0.035726	0.004004	0.004865	0.003736	0.000000	0.000001	0.000000	0.000000	0.000000	0.000007	0.000002	0.000001	0.000000	0.000054	0.000010	0.000005
4	F	O	0.854162	0.088507	0.039802	0.008832	0.003705	0.004761	0.000135	0.000001	0.000000	0.000000	0.000000	0.000007	0.000002	0.000001	0.000000	0.000048	0.000010	0.000007
5	H	O	0.856273	0.082392	0.038874	0.013906	0.002855	0.005357	0.000254	0.000001	0.000000	0.000000	0.000000	0.000007	0.000002	0.000001	0.000000	0.000043	0.000009	0.000008
6	A	O	0.859942	0.077830	0.036931	0.017001	0.002145	0.005722	0.000345	0.000001	0.000000	0.000000	0.000000	0.000007	0.000002	0.000001	0.000000	0.000038	0.000009	0.000007
7	S	O	0.864830	0.074935	0.033361	0.018930	0.001631	0.005843	0.000393	0.000001	0.000000	0.000000	0.000000	0.000007	0.000002	0.000001	0.000000	0.000033	0.000008	0.000007
8	I	O	0.870596	0.072526	0.030294	0.019039	0.001202	0.005837	0.000435	0.000001	0.000000	0.000000	0.000000	0.000006	0.000002	0.000001	0.000000	0.000028	0.000009	0.000007
9	T	O	0.875949	0.071077	0.025260	0.020610	0.000909	0.005759	0.000371	0.000001	0.000000	0.000000	0.000000	0.000006	0.000002	0.000001	0.000000	0.000024	0.000008	0.000007
10	T	O	0.881738	0.070055	0.020504	0.020976	0.000697	0.005536	0.000435	0.000001	0.000000	0.000000	0.000000	0.000006	0.000002	0.000001	0.000000	0.000020	0.000007	0.000006
11	V	O	0.888067	0.069284	0.016591	0.019770	0.000530	0.005219	0.000485	0.000001	0.000000	0.000000	0.000000	0.000006	0.000002	0.000001	0.000000	0.000017	0.000006	0.000005
12	E	O	0.894099	0.068792	0.012620	0.018691	0.000417	0.004881	0.000452	0.000001	0.000000	0.000000	0.000000	0.000006	0.000002	0.000001	0.000000	0.000014	0.000005	0.000005
13	A	O	0.900405	0.068399	0.009826	0.016030	0.000329	0.004493	0.000476	0.000001	0.000000	0.000000	0.000000	0.000006	0.000002	0.000001	0.000000	0.000012	0.000005	0.000004
14	W	O	0.906734	0.068116	0.007795	0.012497	0.000265	0.004062	0.000494	0.000001	0.000000	0.000000	0.000000	0.000005	0.000002	0.000001	0.000000	0.000010	0.000004	0.000004
15	T	O	0.911769	0.067909	0.006050	0.009910	0.000220	0.003658	0.000449	0.000001	0.000000	0.000000	0.000000	0.000005	0.000002	0.000001	0.000000	0.000008	0.000003	0.000003
16	G	O	0.916134	0.067733	0.004873	0.007351	0.000194	0.003263	0.000421	0.000001	0.000000	0.000000	0.000000	0.000005	0.000002	0.000001	0.000000	0.000006	0.000003	0.000003
17	G	O	0.919589	0.067551	0.004175	0.005198	0.000179	0.002537	0.000742	0.000001	0.000000	0.000000	0.000000	0.000005	0.000002	0.000001	0.000000	0.000005	0.000003	0.000002
18	C	O	0.922515	0.067324	0.003855	0.003562	0.000164	0.001528	0.001025	0.000001	0.000000	0.000000	0.000000	0.000005	0.000002	0.000000	0.000000	0.000004	0.000002	0.000002
19	C	O	0.925024	0.067069	0.003698	0.002490	0.000151	0.001128	0.000413	0.000001	0.000000	0.000000	0.000000	0.000005	0.000002	0.000000	0.000000	0.000004	0.000001	0.000002
20	K	O	0.926461	0.066796	0.003651	0.001786	0.000141	0.000941	0.000197	0.000001	0.000000	0.000000	0.000000	0.000005	0.000002	0.000000	0.000000	0.000003	0.000001	0.000001
21	N	O	0.927356	0.066462	0.003743	0.001328	0.000132	0.000841	0.000111	0.000001	0.000000	0.000000	0.000000	0.000005	0.000002	0.000000	0.000000	0.000003	0.000001	0.000001
22	F	O	0.927985	0.066074	0.003953	0.000987	0.000125	0.000779	0.000072	0.000001	0.000000	0.000000	0.000000	0.000005	0.000002	0.000000	0.000000	0.000002	0.000001	0.000001
23	M	O	0.928430	0.065683	0.004187	0.000767	0.000122	0.000733	0.000054	0.000001	0.000000	0.000000	0.000000	0.000005	0.000002	0.000000	0.000000	0.000002	0.000001	0.000001
24	L	O	0.928758	0.065277	0.004450	0.000627	0.000123	0.000686	0.000053	0.000001	0.000000	0.000000	0.000000	0.000005	0.000002	0.000000	0.000000	0.000002	0.000001	0.000001
25	L	O	0.929014	0.064886	0.004707	0.000543	0.000130	0.000644	0.000049	0.000001	0.000000	0.000000	0.000000	0.000005	0.000002	0.000000	0.000000	0.000001	0.000000	0.000000
26	V	O	0.929209	0.064550	0.004894	0.000523	0.000148	0.000613	0.000036	0.000001	0.000000	0.000000	0.000000	0.000005	0.000002	0.000000	0.000000	0.000001	0.000000	0.000000
27	D	O	0.929345	0.064221	0.005072	0.000534	0.000182	0.000584	0.000035	0.000001	0.000000	0.000000	0.000000	0.000005	0.000002	0.000000	0.000000	0.000001	0.000000	0.000000
28	K	O	0.929453	0.063838	0.005331	0.000516	0.000241	0.000554	0.000038	0.000001	0.000000	0.000000	0.000000	0.000005	0.000002	0.000000	0.000000	0.000001	0.000000	0.000000
29	G	O	0.929537	0.063373	0.005696	0.000479	0.000322	0.000536	0.000029	0.000002	0.000000	0.000000	0.000000	0.000005	0.000002	0.000000	0.000000	0.000002	0.000000	0.000000
30	L	O	0.929560	0.062838	0.006151	0.000423	0.000447	0.000526	0.000024	0.000002	0.000000	0.000000	0.000000	0.000005	0.000002	0.000000	0.000000	0.000002	0.000000	0.000000
31	L	O	0.929472	0.062271	0.006638	0.000396	0.000648	0.000527	0.000021	0.000002	0.000000	0.000000	0.000000	0.000006	0.000002	0.000000	0.000000	0.000002	0.000000	0.000000
32	T	O	0.929246	0.061694	0.007131	0.000390	0.000953	0.000536	0.000022	0.000003	0.000000	0.000000	0.000000	0.000006	0.000002	0.000001	0.000000	0.000002	0.000000	0.000000
33	M	O	0.928910	0.060952	0.007804	0.000363	0.001353	0.000563	0.000022	0.000004	0.000001	0.000000	0.000000	0.000006	0.000002	0.000001	0.000000	0.000003	0.000000	0.000000
34	K	O	0.928401	0.059917	0.008783	0.000329	0.001891	0.000617	0.000027	0.000004	0.000001	0.000000	0.000000	0.000006	0.000003	0.000001	0.000000	0.000004	0.000001	0.000000
35	R	O	0.928005	0.056440	0.012234	0.000263	0.002149	0.000824	0.000045	0.000004	0.000003	0.000001	0.000000	0.000005	0.000003	0.000002	0.000000	0.000004	0.000001	0.000001
36	S	O	0.927792	0.042514	0.026149	0.000177	0.001610	0.001684	0.000032	0.000006	0.000001	0.000001	0.000000	0.000006	0.000002	0.000003	0.000000	0.000004	0.000003	0.000001
37	S	O	0.927603	0.020925	0.047728	0.000095	0.000864	0.002715	0.000026	0.000006	0.000001	0.000003	0.000000	0.000005	0.000002	0.000005	0.000000	0.000002	0.000004	0.000001
38	L	O	0.927406	0.005202	0.063440	0.000046	0.000308	0.003525	0.000027	0.000004	0.000002	0.000006	0.000000	0.000004	0.000002	0.000007	0.000000	0.000001	0.000005	0.000003
39	P	O	0.927166	0.001394	0.067221	0.000050	0.000194	0.003891	0.000034	0.000005	0.000002	0.000007	0.000000	0.000003	0.000002	0.000009	0.000000	0.000001	0.000003	0.000005
40	F	O	0.926930	0.000328	0.068258	0.000050	0.000155	0.004172	0.000053	0.000006	0.000002	0.000009	0.000000	0.000003	0.000001	0.000010	0.000000	0.000001	0.000003	0.000006
41	F	O	0.926695	0.000085	0.068456	0.000068	0.000160	0.004399	0.000079	0.000008	0.000003	0.000011	0.000000	0.000003	0.000001	0.000011	0.000000	0.000001	0.000002	0.000007
42	G	O	0.926467	0.000025	0.068444	0.000105	0.000181	0.004602	0.000108	0.000011	0.000003	0.000013	0.000000	0.000003	0.000001	0.000013	0.000000	0.000001	0.000002	0.000007
43	V	O	0.926253	0.000008	0.068375	0.000138	0.000200	0.004788	0.000161	0.000015	0.000005	0.000016	0.000000	0.000003	0.000001	0.000014	0.000001	0.000001	0.000002	0.000008
44	G	O	0.926080	0.000003	0.068260	0.000192	0.000220	0.004972	0.000179	0.000022	0.000007	0.000020	0.000000	0.000003	0.000001	0.000016	0.000001	0.000001	0.000002	0.000008
45	L	O	0.925925	0.000001	0.068120	0.000238	0.000239	0.005106	0.000257	0.000032	0.000010	0.000026	0.000000	0.000003	0.000001	0.000018	0.000001	0.000001	0.000003	0.000009
46	A	O	0.925839	0.000000	0.067929	0.000312	0.000254	0.005254	0.000267	0.000047	0.000013	0.000034	0.000000	0.000003	0.000001	0.000020	0.000001	0.000002	0.000003	0.000009
47	L	O	0.925788	0.000000	0.067682	0.000402	0.000249	0.005390	0.000303	0.000067	0.000019	0.000044	0.000000	0.000003	0.000001	0.000023	0.000002	0.000002	0.000004	0.000010
48	T	O	0.925759	0.000000	0.067216	0.000710	0.000233	0.005506	0.000338	0.000095	0.000026	0.000057	0.000000	0.000003	0.000001	0.000026	0.000002	0.000003	0.000005	0.000011
49	L	O	0.925823	0.000000	0.066366	0.001336	0.000213	0.005566	0.000388	0.000136	0.000035	0.000073	0.000001	0.000004	0.000001	0.000028	0.000003	0.000003	0.000006	0.000011
50	S	O	0.925856	0.000000	0.064010	0.003485	0.000183	0.005409	0.000645	0.000195	0.000047	0.000094	0.000002	0.000004	0.000001	0.000030	0.000005	0.000004	0.000007	0.000013
51	F	O	0.926307	0.000000	0.059358	0.007786	0.000133	0.004834	0.001050	0.000252	0.000073	0.000122	0.000006	0.000004	0.000002	0.000030	0.000008	0.000005	0.000009	0.000015
52	A	O	0.927209	0.000000	0.049145	0.017558	0.000125	0.004126	0.001148	0.000350	0.000093	0.000151	0.000014	0.000004	0.000002	0.000029	0.000010	0.000007	0.000010	0.000016
53	P	O	0.928629	0.000000	0.037458	0.028387	0.000121	0.002701	0.001833	0.000441	0.000128	0.000189	0.000028	0.000005	0.000002	0.000026	0.000013	0.000008	0.000012	0.000016
54	L	O	0.931863	0.000000	0.030460	0.033507	0.000103	0.001705	0.001321	0.000510	0.000148	0.000252	0.000044	0.000005	0.000002	0.000023	0.000013	0.000010	0.000013	0.000018
55	H	O	0.934020	0.000000	0.019570	0.043029	0.000144	0.001087	0.000905	0.000614	0.000163	0.000298	0.000083	0.000006	0.000003	0.000021	0.000013	0.000015	0.000012	0.000019
56	I	O	0.938330	0.000000	0.016627	0.042159	0.000146	0.000654	0.000665	0.000697	0.000126	0.000399	0.000109	0.000006	0.000002	0.000017	0.000013	0.000019	0.000012	0.000017
57	S	O	0.942557	0.000000	0.013984	0.040834	0.000174	0.000585	0.000258	0.000738	0.000117	0.000514	0.000151	0.000006	0.000002	0.000016	0.000010	0.000026	0.000013	0.000013
58	P	O	0.944832	0.000000	0.011809	0.040401	0.000215	0.000547	0.000295	0.000809	0.000103	0.000668	0.000218	0.000007	0.000002	0.000016	0.000012	0.000034	0.000018	0.000014
59	L	O	0.946353	0.000000	0.009856	0.040453	0.000224	0.000626	0.000224	0.000806	0.000097	0.000907	0.000329	0.000007	0.000002	0.000018	0.000013	0.000041	0.000023	0.000019
60	T	O	0.946615	0.000000	0.006642	0.042726	0.000268	0.000735	0.000252	0.000833	0.000105	0.001057	0.000615	0.000007	0.000002	0.000021	0.000017	0.000053	0.000027	0.000027
61	P	O	0.946459	0.000000	0.003385	0.045319	0.000316	0.000838	0.000306	0.000905	0.000086	0.001079	0.001124	0.000008	0.000002	0.000024	0.000021	0.000068	0.000031	0.000031
62	Q	O	0.946292	0.000000	0.001802	0.046204	0.000280	0.000997	0.000369	0.000773	0.000062	0.001290	0.001713	0.000007	0.000001	0.000028	0.000026	0.000079	0.000042	0.000036
63	S	O	0.945791	0.000000	0.000820	0.046653	0.000120	0.001279	0.000430	0.000486	0.000023	0.001479	0.002648	0.000005	0.000001	0.000038	0.000035	0.000084	0.000054	0.000054
64	V	O	0.945308	0.000000	0.000142	0.046868	0.000040	0.001394	0.000523	0.000272	0.000010	0.000893	0.004251	0.000003	0.000000	0.000048	0.000037	0.000084	0.000060	0.000068
65	L	O	0.946357	0.000000	0.000018	0.045952	0.000008	0.000903	0.000858	0.000071	0.000010	0.000489	0.005058	0.000001	0.000000	0.000042	0.000037	0.000056	0.000069	0.000073
66	A	O	0.951484	0.000000	0.000000	0.042135	0.000002	0.000251	0.000771	0.000045	0.000002	0.000095	0.004999	0.000001	0.000000	0.000024	0.000032	0.000029	0.000049	0.000081
67	Q	O	0.996346	0.000000	0.000000	0.002165	0.000000	0.000045	0.000230	0.000008	0.000000	0.000096	0.000978	0.000000	0.000000	0.000008	0.000022	0.000008	0.000037	0.000056
68	T	O	0.998712	0.000000	0.000000	0.000610	0.000000	0.000011	0.000080	0.000000	0.000000	0.000043	0.000450	0.000000	0.000000	0.000006	0.000019	0.000000	0.000019	0.000050
69	Q	O	0.999614	0.000000	0.000000	0.000033	0.000000	0.000000	0.000044	0.000000	0.000000	0.000000	0.000236	0.000000	0.000000	0.000000	0.000031	0.000000	0.000000	0.000042
70	Q	O	0.999998	0.000000	0.000000	0.000001	0.000000	0.000000	0.000000	0.000000	0.000000	0.000000	0.000000	0.000000	0.000000	0.000000	0.000000	0.000000	0.000000	0.000000
