# Name=gene-SYNPCC7002_RS11485
# pos	aa	label	Other	Sec/SPI n	Sec/SPI h	Sec/SPI c	Sec/SPII n	Sec/SPII h	Sec/SPII cys	Tat/SPI n	Tat/SPI RR	Tat/SPI h	Tat/SPI c	Tat/SPII n	Tat/SPII RR	Tat/SPII h	Tat/SPII cys	Sec/SPIII P	Sec/SPIII cons.	Sec/SPIII h
1	G	N	0.000087	0.000006	0.000000	0.000000	0.000003	0.000000	0.000000	0.999237	0.000000	0.000000	0.000000	0.000643	0.000000	0.000000	0.000000	0.000000	0.000000	0.000000
2	I	N	0.000087	0.000006	0.000000	0.000000	0.000002	0.000001	0.000000	0.985052	0.013756	0.000431	0.000000	0.000581	0.000060	0.000003	0.000000	0.000000	0.000000	0.000000
3	K	N	0.000087	0.000006	0.000001	0.000000	0.000002	0.000001	0.000000	0.983355	0.014153	0.001735	0.000000	0.000561	0.000073	0.000009	0.000000	0.000000	0.000000	0.000000
4	R	R	0.000087	0.000005	0.000001	0.000000	0.000001	0.000002	0.000000	0.116496	0.875897	0.006852	0.000001	0.000133	0.000485	0.000025	0.000000	0.000000	0.000000	0.000000
5	R	R	0.000087	0.000005	0.000001	0.000000	0.000001	0.000002	0.000000	0.075292	0.913788	0.010166	0.000001	0.000123	0.000484	0.000036	0.000000	0.000000	0.000000	0.000000
6	E	N	0.000088	0.000004	0.000002	0.000000	0.000001	0.000002	0.000000	0.956335	0.015295	0.027613	0.000001	0.000502	0.000073	0.000068	0.000000	0.000000	0.000000	0.000000
7	F	H	0.000089	0.000003	0.000003	0.000000	0.000000	0.000002	0.000000	0.129693	0.010445	0.859106	0.000001	0.000169	0.000065	0.000408	0.000000	0.000000	0.000000	0.000000
8	L	H	0.000089	0.000002	0.000004	0.000000	0.000000	0.000002	0.000000	0.037639	0.008143	0.953443	0.000022	0.000098	0.000041	0.000504	0.000000	0.000000	0.000000	0.000000
9	G	H	0.000095	0.000002	0.000004	0.000000	0.000000	0.000002	0.000000	0.029182	0.004484	0.965506	0.000062	0.000067	0.000024	0.000551	0.000000	0.000000	0.000000	0.000000
10	L	H	0.000117	0.000001	0.000004	0.000000	0.000000	0.000002	0.000000	0.027933	0.002773	0.968413	0.000099	0.000052	0.000013	0.000576	0.000001	0.000000	0.000000	0.000000
11	T	H	0.000149	0.000001	0.000005	0.000000	0.000000	0.000002	0.000000	0.025493	0.002447	0.971076	0.000172	0.000035	0.000010	0.000595	0.000002	0.000000	0.000000	0.000000
12	A	H	0.000206	0.000001	0.000005	0.000000	0.000000	0.000002	0.000000	0.023068	0.002910	0.972871	0.000279	0.000025	0.000007	0.000605	0.000003	0.000000	0.000000	0.000000
13	L	H	0.000307	0.000001	0.000005	0.000000	0.000000	0.000002	0.000000	0.022163	0.002195	0.974282	0.000391	0.000018	0.000005	0.000610	0.000004	0.000000	0.000000	0.000000
14	G	H	0.000441	0.000000	0.000005	0.000000	0.000000	0.000002	0.000000	0.020817	0.001968	0.975524	0.000587	0.000013	0.000004	0.000611	0.000006	0.000000	0.000000	0.000000
15	A	H	0.000667	0.000000	0.000005	0.000000	0.000000	0.000001	0.000000	0.019637	0.001868	0.976381	0.000794	0.000010	0.000002	0.000606	0.000009	0.000000	0.000000	0.000000
16	T	H	0.000978	0.000000	0.000005	0.000001	0.000000	0.000001	0.000000	0.018939	0.001339	0.976999	0.001101	0.000007	0.000002	0.000596	0.000013	0.000000	0.000000	0.000000
17	G	H	0.001340	0.000000	0.000005	0.000001	0.000000	0.000001	0.000000	0.017866	0.001162	0.977036	0.001967	0.000005	0.000001	0.000579	0.000019	0.000000	0.000000	0.000000
18	A	H	0.001919	0.000000	0.000005	0.000001	0.000000	0.000001	0.000000	0.016605	0.001126	0.976135	0.003603	0.000004	0.000001	0.000548	0.000033	0.000000	0.000000	0.000000
19	L	H	0.002617	0.000000	0.000004	0.000001	0.000000	0.000001	0.000000	0.015429	0.000886	0.971795	0.008698	0.000003	0.000001	0.000506	0.000043	0.000000	0.000000	0.000000
20	L	H	0.003352	0.000000	0.000004	0.000002	0.000000	0.000001	0.000000	0.013885	0.000925	0.949407	0.031900	0.000002	0.000001	0.000445	0.000062	0.000000	0.000000	0.000000
21	W	H	0.004397	0.000000	0.000003	0.000002	0.000000	0.000001	0.000000	0.012152	0.001395	0.838079	0.143505	0.000002	0.000001	0.000349	0.000097	0.000000	0.000000	0.000000
22	Q	C	0.008323	0.000000	0.000002	0.000003	0.000000	0.000000	0.000000	0.011180	0.000981	0.656657	0.322485	0.000002	0.000000	0.000258	0.000091	0.000000	0.000000	0.000000
23	G	C	0.017200	0.000000	0.000002	0.000004	0.000000	0.000000	0.000000	0.009036	0.001129	0.502739	0.469610	0.000001	0.000000	0.000170	0.000088	0.000000	0.000000	0.000000
24	R	C	0.028659	0.000000	0.000001	0.000004	0.000000	0.000000	0.000000	0.003952	0.004608	0.334437	0.628147	0.000001	0.000001	0.000103	0.000067	0.000000	0.000000	0.000000
25	N	C	0.037642	0.000000	0.000001	0.000005	0.000000	0.000000	0.000000	0.007071	0.000659	0.176781	0.777714	0.000001	0.000000	0.000069	0.000034	0.000000	0.000000	0.000000
26	L	C	0.052810	0.000000	0.000000	0.000005	0.000000	0.000000	0.000000	0.004283	0.000313	0.122840	0.819658	0.000001	0.000000	0.000035	0.000035	0.000000	0.000000	0.000000
27	L	C	0.068698	0.000000	0.000000	0.000005	0.000000	0.000000	0.000000	0.002185	0.000331	0.060272	0.868451	0.000001	0.000000	0.000019	0.000016	0.000000	0.000000	0.000000
28	R	C	0.105572	0.000000	0.000000	0.000005	0.000000	0.000000	0.000000	0.001686	0.000367	0.012605	0.879721	0.000001	0.000000	0.000011	0.000009	0.000000	0.000000	0.000000
29	S	C	0.229739	0.000000	0.000000	0.000004	0.000000	0.000000	0.000000	0.001353	0.000273	0.004139	0.764454	0.000001	0.000000	0.000005	0.000006	0.000000	0.000000	0.000000
30	R	O	0.410569	0.000000	0.000000	0.000004	0.000000	0.000000	0.000000	0.000958	0.000284	0.001825	0.586329	0.000000	0.000000	0.000002	0.000003	0.000000	0.000000	0.000000
31	N	O	0.550501	0.000000	0.000000	0.000003	0.000000	0.000000	0.000000	0.000839	0.000092	0.001035	0.447497	0.000000	0.000000	0.000001	0.000001	0.000000	0.000000	0.000000
32	S	O	0.651912	0.000000	0.000000	0.000003	0.000000	0.000000	0.000000	0.000555	0.000030	0.000786	0.346684	0.000000	0.000000	0.000001	0.000000	0.000000	0.000000	0.000000
33	S	O	0.740759	0.000000	0.000000	0.000003	0.000000	0.000000	0.000000	0.000279	0.000023	0.000620	0.258287	0.000000	0.000000	0.000000	0.000000	0.000000	0.000000	0.000000
34	P	O	0.811700	0.000000	0.000000	0.000002	0.000000	0.000000	0.000000	0.000177	0.000011	0.000305	0.187778	0.000000	0.000000	0.000000	0.000000	0.000000	0.000000	0.000000
35	L	O	0.881432	0.000000	0.000000	0.000002	0.000000	0.000000	0.000000	0.000091	0.000006	0.000206	0.118237	0.000000	0.000000	0.000000	0.000000	0.000000	0.000000	0.000000
36	A	O	0.937159	0.000000	0.000000	0.000001	0.000000	0.000000	0.000000	0.000052	0.000003	0.000113	0.062641	0.000000	0.000000	0.000000	0.000000	0.000000	0.000000	0.000000
37	A	O	0.976336	0.000000	0.000000	0.000001	0.000000	0.000000	0.000000	0.000027	0.000003	0.000072	0.023537	0.000000	0.000000	0.000000	0.000000	0.000000	0.000000	0.000000
38	P	O	0.991967	0.000000	0.000000	0.000000	0.000000	0.000000	0.000000	0.000017	0.000002	0.000044	0.007945	0.000000	0.000000	0.000000	0.000000	0.000000	0.000000	0.000000
39	I	O	0.997386	0.000000	0.000000	0.000000	0.000000	0.000000	0.000000	0.000009	0.000001	0.000033	0.002547	0.000000	0.000000	0.000000	0.000000	0.000000	0.000000	0.000000
40	P	O	0.998949	0.000000	0.000000	0.000000	0.000000	0.000000	0.000000	0.000005	0.000001	0.000019	0.001004	0.000000	0.000000	0.000000	0.000000	0.000000	0.000000	0.000000
41	E	O	0.999541	0.000000	0.000000	0.000000	0.000000	0.000000	0.000000	0.000003	0.000000	0.000011	0.000418	0.000000	0.000000	0.000000	0.000000	0.000000	0.000000	0.000000
42	I	O	0.999783	0.000000	0.000000	0.000000	0.000000	0.000000	0.000000	0.000002	0.000000	0.000007	0.000182	0.000000	0.000000	0.000000	0.000000	0.000000	0.000000	0.000000
43	Y	O	0.999884	0.000000	0.000000	0.000000	0.000000	0.000000	0.000000	0.000001	0.000000	0.000003	0.000090	0.000000	0.000000	0.000000	0.000000	0.000000	0.000000	0.000000
44	R	O	0.999935	0.000000	0.000000	0.000000	0.000000	0.000000	0.000000	0.000001	0.000000	0.000002	0.000043	0.000000	0.000000	0.000000	0.000000	0.000000	0.000000	0.000000
45	S	O	0.999963	0.000000	0.000000	0.000000	0.000000	0.000000	0.000000	0.000000	0.000000	0.000001	0.000017	0.000000	0.000000	0.000000	0.000000	0.000000	0.000000	0.000000
46	E	O	0.999975	0.000000	0.000000	0.000000	0.000000	0.000000	0.000000	0.000000	0.000000	0.000000	0.000007	0.000000	0.000000	0.000000	0.000000	0.000000	0.000000	0.000000
47	G	O	0.999981	0.000000	0.000000	0.000000	0.000000	0.000000	0.000000	0.000000	0.000000	0.000000	0.000003	0.000000	0.000000	0.000000	0.000000	0.000000	0.000000	0.000000
48	G	O	0.999986	0.000000	0.000000	0.000000	0.000000	0.000000	0.000000	0.000000	0.000000	0.000000	0.000001	0.000000	0.000000	0.000000	0.000000	0.000000	0.000000	0.000000
49	S	O	0.999988	0.000000	0.000000	0.000000	0.000000	0.000000	0.000000	0.000000	0.000000	0.000000	0.000001	0.000000	0.000000	0.000000	0.000000	0.000000	0.000000	0.000000
50	L	O	0.999986	0.000000	0.000000	0.000000	0.000000	0.000000	0.000000	0.000000	0.000000	0.000000	0.000000	0.000000	0.000000	0.000000	0.000000	0.000000	0.000000	0.000000
51	E	O	0.999990	0.000000	0.000000	0.000000	0.000000	0.000000	0.000000	0.000000	0.000000	0.000000	0.000000	0.000000	0.000000	0.000000	0.000000	0.000000	0.000000	0.000000
52	I	O	0.999988	0.000000	0.000000	0.000000	0.000000	0.000000	0.000000	0.000000	0.000000	0.000000	0.000000	0.000000	0.000000	0.000000	0.000000	0.000000	0.000000	0.000000
53	N	O	0.999986	0.000000	0.000000	0.000000	0.000000	0.000000	0.000000	0.000000	0.000000	0.000000	0.000000	0.000000	0.000000	0.000000	0.000000	0.000000	0.000000	0.000000
54	L	O	0.999986	0.000000	0.000000	0.000000	0.000000	0.000000	0.000000	0.000000	0.000000	0.000000	0.000000	0.000000	0.000000	0.000000	0.000000	0.000000	0.000000	0.000000
55	E	O	0.999986	0.000000	0.000000	0.000000	0.000000	0.000000	0.000000	0.000000	0.000000	0.000000	0.000000	0.000000	0.000000	0.000000	0.000000	0.000000	0.000000	0.000000
56	A	O	0.999994	0.000000	0.000000	0.000000	0.000000	0.000000	0.000000	0.000000	0.000000	0.000000	0.000000	0.000000	0.000000	0.000000	0.000000	0.000000	0.000000	0.000000
57	R	O	0.999991	0.000000	0.000000	0.000000	0.000000	0.000000	0.000000	0.000000	0.000000	0.000000	0.000000	0.000000	0.000000	0.000000	0.000000	0.000000	0.000000	0.000000
58	Y	O	0.999994	0.000000	0.000000	0.000000	0.000000	0.000000	0.000000	0.000000	0.000000	0.000000	0.000000	0.000000	0.000000	0.000000	0.000000	0.000000	0.000000	0.000000
59	E	O	1.000000	0.000000	0.000000	0.000000	0.000000	0.000000	0.000000	0.000000	0.000000	0.000000	0.000000	0.000000	0.000000	0.000000	0.000000	0.000000	0.000000	0.000000
60	D	O	0.999996	0.000000	0.000000	0.000000	0.000000	0.000000	0.000000	0.000000	0.000000	0.000000	0.000000	0.000000	0.000000	0.000000	0.000000	0.000000	0.000000	0.000000
61	V	O	1.000000	0.000000	0.000000	0.000000	0.000000	0.000000	0.000000	0.000000	0.000000	0.000000	0.000000	0.000000	0.000000	0.000000	0.000000	0.000000	0.000000	0.000000
62	I	O	1.000000	0.000000	0.000000	0.000000	0.000000	0.000000	0.000000	0.000000	0.000000	0.000000	0.000000	0.000000	0.000000	0.000000	0.000000	0.000000	0.000000	0.000000
63	L	O	1.000000	0.000000	0.000000	0.000000	0.000000	0.000000	0.000000	0.000000	0.000000	0.000000	0.000000	0.000000	0.000000	0.000000	0.000000	0.000000	0.000000	0.000000
64	G	O	1.000000	0.000000	0.000000	0.000000	0.000000	0.000000	0.000000	0.000000	0.000000	0.000000	0.000000	0.000000	0.000000	0.000000	0.000000	0.000000	0.000000	0.000000
65	G	O	1.000000	0.000000	0.000000	0.000000	0.000000	0.000000	0.000000	0.000000	0.000000	0.000000	0.000000	0.000000	0.000000	0.000000	0.000000	0.000000	0.000000	0.000000
66	E	O	1.000000	0.000000	0.000000	0.000000	0.000000	0.000000	0.000000	0.000000	0.000000	0.000000	0.000000	0.000000	0.000000	0.000000	0.000000	0.000000	0.000000	0.000000
67	P	O	1.000000	0.000000	0.000000	0.000000	0.000000	0.000000	0.000000	0.000000	0.000000	0.000000	0.000000	0.000000	0.000000	0.000000	0.000000	0.000000	0.000000	0.000000
68	T	O	0.999999	0.000000	0.000000	0.000000	0.000000	0.000000	0.000000	0.000000	0.000000	0.000000	0.000000	0.000000	0.000000	0.000000	0.000000	0.000000	0.000000	0.000000
69	R	O	0.999994	0.000000	0.000000	0.000000	0.000000	0.000000	0.000000	0.000000	0.000000	0.000000	0.000000	0.000000	0.000000	0.000000	0.000000	0.000000	0.000000	0.000000
70	N	O	1.000000	0.000000	0.000000	0.000000	0.000000	0.000000	0.000000	0.000000	0.000000	0.000000	0.000000	0.000000	0.000000	0.000000	0.000000	0.000000	0.000000	0.000000
