# Name=gene-SYNPCC7002_RS08285
# pos	aa	label	Other	Sec/SPI n	Sec/SPI h	Sec/SPI c	Sec/SPII n	Sec/SPII h	Sec/SPII cys	Tat/SPI n	Tat/SPI RR	Tat/SPI h	Tat/SPI c	Tat/SPII n	Tat/SPII RR	Tat/SPII h	Tat/SPII cys	Sec/SPIII P	Sec/SPIII cons.	Sec/SPIII h
1	R	N	0.002052	0.002140	0.000000	0.000000	0.995813	0.000000	0.000000	0.000000	0.000000	0.000000	0.000000	0.000006	0.000000	0.000000	0.000000	0.000000	0.000000	0.000000
2	R	N	0.002052	0.002001	0.000139	0.000000	0.845567	0.150242	0.000000	0.000000	0.000000	0.000000	0.000000	0.000005	0.000001	0.000000	0.000000	0.000000	0.000000	0.000000
3	S	N	0.002052	0.001896	0.000242	0.000001	0.730071	0.265745	0.000000	0.000000	0.000000	0.000000	0.000000	0.000005	0.000001	0.000000	0.000000	0.000000	0.000000	0.000000
4	K	N	0.002053	0.001799	0.000338	0.000003	0.650817	0.344662	0.000341	0.000000	0.000000	0.000000	0.000000	0.000005	0.000001	0.000001	0.000000	0.000000	0.000000	0.000000
5	F	N	0.002395	0.001654	0.000481	0.000004	0.531197	0.463469	0.000811	0.000000	0.000000	0.000000	0.000000	0.000004	0.000001	0.000001	0.000000	0.000000	0.000000	0.000000
6	V	N	0.003207	0.001550	0.000582	0.000005	0.463757	0.530190	0.000720	0.000000	0.000000	0.000000	0.000000	0.000004	0.000001	0.000001	0.000000	0.000000	0.000000	0.000000
7	Q	N	0.003928	0.001448	0.000680	0.000007	0.413082	0.579649	0.001215	0.000000	0.000000	0.000000	0.000000	0.000003	0.000001	0.000002	0.000000	0.000000	0.000000	0.000000
8	R	N	0.005145	0.001264	0.000862	0.000006	0.332915	0.657137	0.002678	0.000000	0.000000	0.000000	0.000000	0.000003	0.000001	0.000002	0.000000	0.000000	0.000000	0.000000
9	F	H	0.007825	0.000708	0.001418	0.000004	0.118310	0.869628	0.002115	0.000000	0.000000	0.000000	0.000000	0.000003	0.000001	0.000003	0.000000	0.000000	0.000000	0.000000
10	T	H	0.009940	0.000451	0.001673	0.000004	0.054859	0.931995	0.001078	0.000000	0.000000	0.000000	0.000000	0.000002	0.000001	0.000004	0.000000	0.000000	0.000000	0.000000
11	T	H	0.011018	0.000266	0.001855	0.000005	0.024088	0.961293	0.001477	0.000000	0.000000	0.000000	0.000000	0.000001	0.000000	0.000004	0.000000	0.000000	0.000000	0.000000
12	H	H	0.012496	0.000136	0.001982	0.000005	0.009542	0.973957	0.001885	0.000000	0.000000	0.000000	0.000000	0.000001	0.000000	0.000005	0.000000	0.000000	0.000000	0.000000
13	I	H	0.014381	0.000049	0.002068	0.000004	0.002408	0.978512	0.002572	0.000000	0.000000	0.000000	0.000000	0.000001	0.000000	0.000005	0.000000	0.000000	0.000000	0.000000
14	V	H	0.016954	0.000019	0.002095	0.000005	0.000643	0.977288	0.002999	0.000000	0.000000	0.000000	0.000000	0.000000	0.000000	0.000005	0.000000	0.000000	0.000000	0.000000
15	A	H	0.019953	0.000009	0.002100	0.000009	0.000206	0.974299	0.003429	0.000000	0.000000	0.000000	0.000000	0.000000	0.000000	0.000006	0.000000	0.000000	0.000000	0.000000
16	L	H	0.023382	0.000004	0.002095	0.000015	0.000060	0.967657	0.006787	0.000000	0.000000	0.000000	0.000000	0.000000	0.000000	0.000006	0.000000	0.000000	0.000000	0.000000
17	C	H	0.030171	0.000002	0.002082	0.000028	0.000011	0.956664	0.011045	0.000000	0.000000	0.000000	0.000000	0.000000	0.000000	0.000006	0.000000	0.000000	0.000000	0.000000
18	V	H	0.041216	0.000001	0.002048	0.000061	0.000005	0.948089	0.008582	0.000000	0.000000	0.000000	0.000000	0.000000	0.000000	0.000005	0.000000	0.000000	0.000000	0.000000
19	G	H	0.049801	0.000001	0.002001	0.000103	0.000004	0.916792	0.031300	0.000000	0.000000	0.000000	0.000000	0.000000	0.000000	0.000005	0.000000	0.000000	0.000000	0.000000
20	C	c	0.081104	0.000000	0.001950	0.000149	0.000003	0.198336	0.718462	0.000000	0.000000	0.000000	0.000000	0.000000	0.000000	0.000004	0.000001	0.000000	0.000000	0.000000
21	A	O	0.799564	0.000000	0.001897	0.000196	0.000002	0.142273	0.056066	0.000000	0.000000	0.000000	0.000000	0.000000	0.000000	0.000004	0.000000	0.000000	0.000000	0.000000
22	I	O	0.855640	0.000000	0.001811	0.000276	0.000001	0.105994	0.036282	0.000000	0.000000	0.000000	0.000000	0.000000	0.000000	0.000003	0.000000	0.000000	0.000000	0.000000
23	T	O	0.891925	0.000000	0.001633	0.000450	0.000000	0.087583	0.018413	0.000000	0.000000	0.000000	0.000000	0.000000	0.000000	0.000003	0.000000	0.000000	0.000000	0.000000
24	F	O	0.910341	0.000000	0.001320	0.000759	0.000000	0.071669	0.015917	0.000000	0.000000	0.000000	0.000000	0.000000	0.000000	0.000003	0.000001	0.000000	0.000000	0.000000
25	G	O	0.926257	0.000000	0.000861	0.001213	0.000000	0.055342	0.016329	0.000000	0.000000	0.000000	0.000000	0.000000	0.000000	0.000002	0.000001	0.000000	0.000000	0.000000
26	A	O	0.942598	0.000000	0.000575	0.001488	0.000000	0.018369	0.036974	0.000000	0.000000	0.000000	0.000000	0.000000	0.000000	0.000001	0.000001	0.000000	0.000000	0.000000
27	M	O	0.979576	0.000000	0.000241	0.001815	0.000000	0.006161	0.012210	0.000000	0.000000	0.000000	0.000000	0.000000	0.000000	0.000000	0.000000	0.000000	0.000000	0.000000
28	Q	O	0.991802	0.000000	0.000033	0.002013	0.000000	0.002075	0.004086	0.000000	0.000000	0.000000	0.000000	0.000000	0.000000	0.000000	0.000000	0.000000	0.000000	0.000000
29	G	O	0.995915	0.000000	0.000007	0.002010	0.000000	0.000663	0.001413	0.000000	0.000000	0.000000	0.000000	0.000000	0.000000	0.000000	0.000000	0.000000	0.000000	0.000000
30	S	O	0.997437	0.000000	0.000003	0.001904	0.000000	0.000141	0.000523	0.000000	0.000000	0.000000	0.000000	0.000000	0.000000	0.000000	0.000000	0.000000	0.000000	0.000000
31	S	O	0.998094	0.000000	0.000002	0.001779	0.000000	0.000042	0.000100	0.000000	0.000000	0.000000	0.000000	0.000000	0.000000	0.000000	0.000000	0.000000	0.000000	0.000000
32	Q	O	0.998313	0.000000	0.000001	0.001650	0.000000	0.000015	0.000027	0.000000	0.000000	0.000000	0.000000	0.000000	0.000000	0.000000	0.000000	0.000000	0.000000	0.000000
33	T	O	0.998427	0.000000	0.000001	0.001566	0.000000	0.000009	0.000008	0.000000	0.000000	0.000000	0.000000	0.000000	0.000000	0.000000	0.000000	0.000000	0.000000	0.000000
34	L	O	0.998497	0.000000	0.000000	0.001499	0.000000	0.000005	0.000005	0.000000	0.000000	0.000000	0.000000	0.000000	0.000000	0.000000	0.000000	0.000000	0.000000	0.000000
35	N	O	0.998563	0.000000	0.000000	0.001442	0.000000	0.000004	0.000003	0.000000	0.000000	0.000000	0.000000	0.000000	0.000000	0.000000	0.000000	0.000000	0.000000	0.000000
36	Q	O	0.998626	0.000000	0.000000	0.001380	0.000000	0.000003	0.000003	0.000000	0.000000	0.000000	0.000000	0.000000	0.000000	0.000000	0.000000	0.000000	0.000000	0.000000
37	P	O	0.998699	0.000000	0.000000	0.001310	0.000000	0.000002	0.000002	0.000000	0.000000	0.000000	0.000000	0.000000	0.000000	0.000000	0.000000	0.000000	0.000000	0.000000
38	L	O	0.998789	0.000000	0.000000	0.001218	0.000000	0.000002	0.000002	0.000000	0.000000	0.000000	0.000000	0.000000	0.000000	0.000000	0.000000	0.000000	0.000000	0.000000
39	A	O	0.998902	0.000000	0.000000	0.001103	0.000000	0.000001	0.000002	0.000000	0.000000	0.000000	0.000000	0.000000	0.000000	0.000000	0.000000	0.000000	0.000000	0.000000
40	D	O	0.999101	0.000000	0.000000	0.000906	0.000000	0.000001	0.000001	0.000000	0.000000	0.000000	0.000000	0.000000	0.000000	0.000000	0.000000	0.000000	0.000000	0.000000
41	T	O	0.999307	0.000000	0.000000	0.000699	0.000000	0.000001	0.000001	0.000000	0.000000	0.000000	0.000000	0.000000	0.000000	0.000000	0.000000	0.000000	0.000000	0.000000
42	N	O	0.999465	0.000000	0.000000	0.000539	0.000000	0.000001	0.000001	0.000000	0.000000	0.000000	0.000000	0.000000	0.000000	0.000000	0.000000	0.000000	0.000000	0.000000
43	P	O	0.999580	0.000000	0.000000	0.000428	0.000000	0.000001	0.000002	0.000000	0.000000	0.000000	0.000000	0.000000	0.000000	0.000000	0.000000	0.000000	0.000000	0.000000
44	P	O	0.999668	0.000000	0.000000	0.000334	0.000000	0.000001	0.000002	0.000000	0.000000	0.000000	0.000000	0.000000	0.000000	0.000000	0.000000	0.000000	0.000000	0.000000
45	Q	O	0.999749	0.000000	0.000000	0.000255	0.000000	0.000001	0.000002	0.000000	0.000000	0.000000	0.000000	0.000000	0.000000	0.000000	0.000000	0.000000	0.000000	0.000000
46	E	O	0.999804	0.000000	0.000000	0.000195	0.000000	0.000001	0.000002	0.000000	0.000000	0.000000	0.000000	0.000000	0.000000	0.000000	0.000000	0.000000	0.000000	0.000000
47	V	O	0.999864	0.000000	0.000000	0.000143	0.000000	0.000001	0.000002	0.000000	0.000000	0.000000	0.000000	0.000000	0.000000	0.000000	0.000000	0.000000	0.000000	0.000000
48	A	O	0.999908	0.000000	0.000000	0.000099	0.000000	0.000001	0.000002	0.000000	0.000000	0.000000	0.000000	0.000000	0.000000	0.000000	0.000000	0.000000	0.000000	0.000000
49	A	O	0.999943	0.000000	0.000000	0.000061	0.000000	0.000001	0.000001	0.000000	0.000000	0.000000	0.000000	0.000000	0.000000	0.000000	0.000000	0.000000	0.000000	0.000000
50	V	O	0.999967	0.000000	0.000000	0.000035	0.000000	0.000001	0.000001	0.000000	0.000000	0.000000	0.000000	0.000000	0.000000	0.000000	0.000000	0.000000	0.000000	0.000000
51	P	O	0.999983	0.000000	0.000000	0.000021	0.000000	0.000001	0.000002	0.000000	0.000000	0.000000	0.000000	0.000000	0.000000	0.000000	0.000000	0.000000	0.000000	0.000000
52	V	O	0.999998	0.000000	0.000000	0.000013	0.000000	0.000001	0.000002	0.000000	0.000000	0.000000	0.000000	0.000000	0.000000	0.000000	0.000000	0.000000	0.000000	0.000000
53	A	O	1.000000	0.000000	0.000000	0.000007	0.000000	0.000001	0.000002	0.000000	0.000000	0.000000	0.000000	0.000000	0.000000	0.000000	0.000000	0.000000	0.000000	0.000000
54	A	O	1.000000	0.000000	0.000000	0.000004	0.000000	0.000001	0.000002	0.000000	0.000000	0.000000	0.000000	0.000000	0.000000	0.000000	0.000000	0.000000	0.000000	0.000000
55	G	O	1.000000	0.000000	0.000000	0.000002	0.000000	0.000001	0.000002	0.000000	0.000000	0.000000	0.000000	0.000000	0.000000	0.000000	0.000000	0.000000	0.000000	0.000000
56	R	O	1.000000	0.000000	0.000000	0.000001	0.000000	0.000001	0.000002	0.000000	0.000000	0.000000	0.000000	0.000000	0.000000	0.000000	0.000000	0.000000	0.000000	0.000000
57	S	O	1.000000	0.000000	0.000000	0.000001	0.000000	0.000001	0.000002	0.000000	0.000000	0.000000	0.000000	0.000000	0.000000	0.000000	0.000000	0.000000	0.000000	0.000000
58	F	O	1.000000	0.000000	0.000000	0.000000	0.000000	0.000001	0.000002	0.000000	0.000000	0.000000	0.000000	0.000000	0.000000	0.000000	0.000000	0.000000	0.000000	0.000000
59	V	O	1.000000	0.000000	0.000000	0.000000	0.000000	0.000001	0.000003	0.000000	0.000000	0.000000	0.000000	0.000000	0.000000	0.000000	0.000000	0.000000	0.000000	0.000000
60	A	O	1.000000	0.000000	0.000000	0.000000	0.000000	0.000001	0.000003	0.000000	0.000000	0.000000	0.000000	0.000000	0.000000	0.000000	0.000000	0.000000	0.000000	0.000000
61	D	O	1.000000	0.000000	0.000000	0.000000	0.000000	0.000001	0.000003	0.000000	0.000000	0.000000	0.000000	0.000000	0.000000	0.000000	0.000000	0.000000	0.000000	0.000000
62	A	O	1.000000	0.000000	0.000000	0.000000	0.000000	0.000001	0.000003	0.000000	0.000000	0.000000	0.000000	0.000000	0.000000	0.000000	0.000000	0.000000	0.000000	0.000000
63	V	O	1.000000	0.000000	0.000000	0.000000	0.000000	0.000001	0.000004	0.000000	0.000000	0.000000	0.000000	0.000000	0.000000	0.000000	0.000000	0.000000	0.000000	0.000000
64	A	O	1.000000	0.000000	0.000000	0.000000	0.000000	0.000002	0.000004	0.000000	0.000000	0.000000	0.000001	0.000000	0.000000	0.000000	0.000000	0.000000	0.000000	0.000000
65	R	O	1.000000	0.000000	0.000000	0.000000	0.000000	0.000002	0.000005	0.000000	0.000000	0.000001	0.000001	0.000000	0.000000	0.000000	0.000001	0.000000	0.000000	0.000000
66	T	O	0.999989	0.000000	0.000000	0.000000	0.000000	0.000002	0.000005	0.000000	0.000000	0.000001	0.000002	0.000000	0.000000	0.000000	0.000001	0.000000	0.000001	0.000001
67	G	O	0.999983	0.000000	0.000000	0.000000	0.000000	0.000001	0.000006	0.000000	0.000000	0.000001	0.000003	0.000000	0.000000	0.000000	0.000001	0.000000	0.000001	0.000001
68	Q	O	0.999985	0.000000	0.000000	0.000000	0.000000	0.000001	0.000007	0.000000	0.000000	0.000001	0.000004	0.000000	0.000000	0.000000	0.000002	0.000000	0.000001	0.000001
69	A	O	0.999982	0.000000	0.000000	0.000000	0.000000	0.000000	0.000003	0.000000	0.000000	0.000000	0.000006	0.000000	0.000000	0.000000	0.000002	0.000000	0.000000	0.000002
70	V	O	0.999999	0.000000	0.000000	0.000000	0.000000	0.000000	0.000000	0.000000	0.000000	0.000000	0.000000	0.000000	0.000000	0.000000	0.000000	0.000000	0.000000	0.000000
