# Name=gene-SYNPCC7002_RS00945
# pos	aa	label	Other	Sec/SPI n	Sec/SPI h	Sec/SPI c	Sec/SPII n	Sec/SPII h	Sec/SPII cys	Tat/SPI n	Tat/SPI RR	Tat/SPI h	Tat/SPI c	Tat/SPII n	Tat/SPII RR	Tat/SPII h	Tat/SPII cys	Sec/SPIII P	Sec/SPIII cons.	Sec/SPIII h
1	T	N	0.335360	0.659725	0.000000	0.000000	0.004854	0.000000	0.000000	0.000003	0.000000	0.000000	0.000000	0.000000	0.000000	0.000000	0.000000	0.000047	0.000000	0.000000
2	V	N	0.335360	0.644266	0.015465	0.000000	0.004569	0.000284	0.000000	0.000002	0.000000	0.000000	0.000000	0.000000	0.000000	0.000000	0.000000	0.000041	0.000006	0.000000
3	L	N	0.335363	0.634244	0.025199	0.000289	0.004382	0.000471	0.000000	0.000002	0.000000	0.000000	0.000000	0.000000	0.000000	0.000000	0.000000	0.000037	0.000007	0.000004
4	K	N	0.335420	0.627582	0.031311	0.000782	0.004257	0.000590	0.000006	0.000002	0.000000	0.000000	0.000000	0.000000	0.000000	0.000000	0.000000	0.000034	0.000005	0.000005
5	T	N	0.335592	0.620587	0.037786	0.001144	0.004117	0.000715	0.000015	0.000002	0.000000	0.000000	0.000000	0.000000	0.000000	0.000000	0.000000	0.000031	0.000005	0.000005
6	M	N	0.335864	0.613643	0.044231	0.001393	0.003986	0.000828	0.000018	0.000002	0.000000	0.000000	0.000000	0.000000	0.000000	0.000000	0.000000	0.000028	0.000004	0.000004
7	T	N	0.336223	0.605329	0.052121	0.001485	0.003861	0.000931	0.000022	0.000002	0.000000	0.000000	0.000000	0.000000	0.000000	0.000000	0.000000	0.000025	0.000005	0.000003
8	R	N	0.336649	0.578716	0.078544	0.001271	0.003545	0.001205	0.000041	0.000001	0.000001	0.000000	0.000000	0.000000	0.000000	0.000000	0.000000	0.000021	0.000006	0.000003
9	I	N	0.337126	0.482375	0.174787	0.000933	0.002603	0.002124	0.000023	0.000001	0.000000	0.000000	0.000000	0.000000	0.000000	0.000000	0.000000	0.000017	0.000008	0.000004
10	D	N	0.337450	0.443974	0.212885	0.000940	0.002264	0.002453	0.000010	0.000001	0.000000	0.000001	0.000000	0.000000	0.000000	0.000000	0.000000	0.000013	0.000008	0.000004
11	R	N	0.337839	0.377553	0.279141	0.000727	0.001813	0.002864	0.000041	0.000001	0.000001	0.000001	0.000000	0.000000	0.000000	0.000000	0.000000	0.000008	0.000010	0.000004
12	L	H	0.338310	0.077055	0.579604	0.000334	0.000432	0.004214	0.000031	0.000001	0.000000	0.000001	0.000000	0.000000	0.000000	0.000000	0.000000	0.000002	0.000011	0.000007
13	A	H	0.338517	0.018841	0.637708	0.000273	0.000134	0.004488	0.000023	0.000001	0.000000	0.000001	0.000000	0.000000	0.000000	0.000000	0.000000	0.000001	0.000007	0.000011
14	L	H	0.338681	0.004838	0.651547	0.000298	0.000044	0.004539	0.000040	0.000000	0.000000	0.000001	0.000000	0.000000	0.000000	0.000000	0.000000	0.000000	0.000003	0.000013
15	L	H	0.338877	0.001213	0.654971	0.000343	0.000015	0.004513	0.000055	0.000000	0.000000	0.000001	0.000000	0.000000	0.000000	0.000000	0.000000	0.000000	0.000002	0.000013
16	L	H	0.339119	0.000308	0.655626	0.000407	0.000005	0.004454	0.000069	0.000000	0.000000	0.000001	0.000000	0.000000	0.000000	0.000000	0.000000	0.000000	0.000001	0.000011
17	I	H	0.339395	0.000077	0.655516	0.000538	0.000002	0.004372	0.000085	0.000000	0.000000	0.000001	0.000000	0.000000	0.000000	0.000000	0.000000	0.000000	0.000000	0.000010
18	V	H	0.339747	0.000020	0.655106	0.000740	0.000001	0.004272	0.000101	0.000000	0.000000	0.000001	0.000000	0.000000	0.000000	0.000000	0.000000	0.000000	0.000000	0.000009
19	I	H	0.340172	0.000005	0.654417	0.001125	0.000000	0.004145	0.000127	0.000000	0.000000	0.000001	0.000000	0.000000	0.000000	0.000000	0.000000	0.000000	0.000000	0.000008
20	F	H	0.340755	0.000001	0.653339	0.001748	0.000000	0.003997	0.000149	0.000000	0.000000	0.000001	0.000000	0.000000	0.000000	0.000000	0.000000	0.000000	0.000000	0.000007
21	S	H	0.341460	0.000000	0.651249	0.003283	0.000000	0.003862	0.000135	0.000000	0.000000	0.000001	0.000000	0.000000	0.000000	0.000000	0.000000	0.000000	0.000000	0.000006
22	L	H	0.342421	0.000000	0.647340	0.006364	0.000000	0.003714	0.000148	0.000000	0.000000	0.000001	0.000000	0.000000	0.000000	0.000000	0.000000	0.000000	0.000000	0.000005
23	M	H	0.343403	0.000000	0.636901	0.015972	0.000000	0.003579	0.000135	0.000000	0.000000	0.000001	0.000000	0.000000	0.000000	0.000000	0.000000	0.000000	0.000000	0.000004
24	I	H	0.344687	0.000000	0.611978	0.039744	0.000000	0.003406	0.000173	0.000000	0.000000	0.000001	0.000000	0.000000	0.000000	0.000000	0.000000	0.000000	0.000000	0.000004
25	G	H	0.346396	0.000000	0.550066	0.100116	0.000000	0.003181	0.000225	0.000000	0.000000	0.000001	0.000000	0.000000	0.000000	0.000000	0.000000	0.000000	0.000000	0.000003
26	I	H	0.349656	0.000000	0.454541	0.192610	0.000000	0.002790	0.000391	0.000000	0.000000	0.000001	0.000000	0.000000	0.000000	0.000000	0.000000	0.000000	0.000000	0.000003
27	G	C	0.352879	0.000000	0.217878	0.426438	0.000000	0.002436	0.000354	0.000000	0.000000	0.000001	0.000001	0.000000	0.000000	0.000000	0.000000	0.000000	0.000000	0.000002
28	V	C	0.361675	0.000000	0.079190	0.556686	0.000000	0.001632	0.000804	0.000000	0.000000	0.000000	0.000001	0.000000	0.000000	0.000000	0.000000	0.000000	0.000000	0.000002
29	G	C	0.382771	0.000000	0.009101	0.606480	0.000000	0.001026	0.000606	0.000000	0.000000	0.000000	0.000001	0.000000	0.000000	0.000000	0.000000	0.000000	0.000000	0.000001
30	G	C	0.589186	0.000000	0.002573	0.407199	0.000000	0.000164	0.000862	0.000000	0.000000	0.000000	0.000001	0.000000	0.000000	0.000000	0.000000	0.000000	0.000000	0.000001
31	E	O	0.847631	0.000000	0.001485	0.150707	0.000000	0.000024	0.000140	0.000000	0.000000	0.000000	0.000000	0.000000	0.000000	0.000000	0.000000	0.000000	0.000000	0.000000
32	Q	O	0.917163	0.000000	0.000732	0.082065	0.000000	0.000009	0.000015	0.000000	0.000000	0.000000	0.000000	0.000000	0.000000	0.000000	0.000000	0.000000	0.000000	0.000000
33	L	O	0.953219	0.000000	0.000373	0.046383	0.000000	0.000004	0.000005	0.000000	0.000000	0.000000	0.000000	0.000000	0.000000	0.000000	0.000000	0.000000	0.000000	0.000000
34	C	O	0.973611	0.000000	0.000164	0.026204	0.000000	0.000002	0.000003	0.000000	0.000000	0.000000	0.000000	0.000000	0.000000	0.000000	0.000000	0.000000	0.000000	0.000000
35	G	O	0.986948	0.000000	0.000091	0.012948	0.000000	0.000001	0.000001	0.000000	0.000000	0.000000	0.000000	0.000000	0.000000	0.000000	0.000000	0.000000	0.000000	0.000000
36	V	O	0.994338	0.000000	0.000059	0.005590	0.000000	0.000001	0.000001	0.000000	0.000000	0.000000	0.000000	0.000000	0.000000	0.000000	0.000000	0.000000	0.000000	0.000000
37	D	O	0.997146	0.000000	0.000038	0.002803	0.000000	0.000000	0.000001	0.000000	0.000000	0.000000	0.000000	0.000000	0.000000	0.000000	0.000000	0.000000	0.000000	0.000000
38	C	O	0.998409	0.000000	0.000024	0.001556	0.000000	0.000001	0.000001	0.000000	0.000000	0.000000	0.000000	0.000000	0.000000	0.000000	0.000000	0.000000	0.000000	0.000000
39	P	O	0.999065	0.000000	0.000015	0.000913	0.000000	0.000001	0.000001	0.000000	0.000000	0.000000	0.000000	0.000000	0.000000	0.000000	0.000000	0.000000	0.000000	0.000000
40	I	O	0.999418	0.000000	0.000010	0.000562	0.000001	0.000001	0.000001	0.000000	0.000000	0.000000	0.000000	0.000000	0.000000	0.000000	0.000000	0.000000	0.000000	0.000000
41	N	O	0.999621	0.000000	0.000006	0.000366	0.000001	0.000001	0.000001	0.000000	0.000000	0.000000	0.000000	0.000000	0.000000	0.000000	0.000000	0.000000	0.000000	0.000000
42	T	O	0.999747	0.000000	0.000004	0.000243	0.000001	0.000002	0.000001	0.000000	0.000000	0.000000	0.000000	0.000000	0.000000	0.000000	0.000000	0.000000	0.000000	0.000000
43	G	O	0.999822	0.000000	0.000002	0.000164	0.000001	0.000002	0.000002	0.000000	0.000000	0.000000	0.000000	0.000000	0.000000	0.000000	0.000000	0.000000	0.000000	0.000000
44	P	O	0.999877	0.000000	0.000001	0.000112	0.000001	0.000003	0.000002	0.000000	0.000000	0.000000	0.000000	0.000000	0.000000	0.000000	0.000000	0.000001	0.000000	0.000000
45	R	O	0.999912	0.000000	0.000001	0.000077	0.000002	0.000003	0.000003	0.000000	0.000000	0.000000	0.000001	0.000000	0.000000	0.000000	0.000000	0.000001	0.000000	0.000000
46	V	O	0.999931	0.000000	0.000001	0.000053	0.000002	0.000004	0.000003	0.000000	0.000000	0.000000	0.000001	0.000000	0.000000	0.000000	0.000000	0.000001	0.000000	0.000000
47	R	O	0.999944	0.000000	0.000000	0.000037	0.000003	0.000005	0.000004	0.000001	0.000000	0.000001	0.000001	0.000000	0.000000	0.000000	0.000000	0.000001	0.000001	0.000001
48	E	O	0.999959	0.000000	0.000000	0.000024	0.000003	0.000006	0.000005	0.000001	0.000000	0.000001	0.000001	0.000000	0.000000	0.000000	0.000000	0.000002	0.000001	0.000001
49	F	O	0.999962	0.000000	0.000000	0.000016	0.000004	0.000007	0.000006	0.000001	0.000000	0.000001	0.000002	0.000000	0.000000	0.000000	0.000000	0.000002	0.000001	0.000001
50	S	O	0.999960	0.000000	0.000000	0.000010	0.000004	0.000009	0.000007	0.000001	0.000000	0.000001	0.000002	0.000000	0.000000	0.000000	0.000000	0.000002	0.000001	0.000001
51	W	O	0.999956	0.000000	0.000000	0.000007	0.000005	0.000010	0.000009	0.000002	0.000000	0.000002	0.000003	0.000000	0.000000	0.000000	0.000000	0.000003	0.000001	0.000002
52	Q	O	0.999950	0.000000	0.000000	0.000004	0.000006	0.000012	0.000011	0.000002	0.000000	0.000002	0.000003	0.000000	0.000000	0.000000	0.000000	0.000004	0.000002	0.000002
53	E	O	0.999938	0.000000	0.000000	0.000003	0.000007	0.000014	0.000013	0.000003	0.000000	0.000003	0.000005	0.000000	0.000000	0.000000	0.000000	0.000005	0.000002	0.000002
54	Q	O	0.999930	0.000000	0.000000	0.000002	0.000008	0.000017	0.000016	0.000004	0.000000	0.000003	0.000006	0.000000	0.000000	0.000000	0.000000	0.000006	0.000003	0.000003
55	R	O	0.999916	0.000000	0.000000	0.000001	0.000010	0.000020	0.000019	0.000005	0.000001	0.000004	0.000008	0.000000	0.000000	0.000000	0.000001	0.000008	0.000003	0.000004
56	I	O	0.999891	0.000000	0.000000	0.000001	0.000011	0.000025	0.000023	0.000006	0.000001	0.000006	0.000011	0.000000	0.000000	0.000000	0.000001	0.000010	0.000005	0.000005
57	G	O	0.999865	0.000000	0.000000	0.000001	0.000014	0.000030	0.000029	0.000009	0.000001	0.000008	0.000015	0.000000	0.000000	0.000001	0.000001	0.000013	0.000006	0.000007
58	G	O	0.999832	0.000000	0.000000	0.000000	0.000017	0.000036	0.000036	0.000012	0.000001	0.000010	0.000020	0.000000	0.000000	0.000001	0.000002	0.000017	0.000008	0.000009
59	D	O	0.999787	0.000000	0.000000	0.000000	0.000021	0.000043	0.000044	0.000016	0.000002	0.000014	0.000026	0.000000	0.000000	0.000001	0.000003	0.000021	0.000010	0.000012
60	D	O	0.999721	0.000000	0.000000	0.000000	0.000025	0.000054	0.000054	0.000022	0.000002	0.000020	0.000035	0.000000	0.000000	0.000002	0.000004	0.000027	0.000014	0.000016
61	T	O	0.999645	0.000000	0.000000	0.000000	0.000029	0.000071	0.000065	0.000030	0.000003	0.000028	0.000047	0.000001	0.000000	0.000003	0.000005	0.000033	0.000018	0.000022
62	A	O	0.999544	0.000000	0.000000	0.000000	0.000031	0.000093	0.000079	0.000040	0.000004	0.000039	0.000065	0.000001	0.000000	0.000004	0.000008	0.000040	0.000024	0.000028
63	F	O	0.999413	0.000000	0.000000	0.000000	0.000032	0.000112	0.000109	0.000050	0.000004	0.000054	0.000089	0.000001	0.000000	0.000006	0.000011	0.000048	0.000031	0.000038
64	I	O	0.999290	0.000000	0.000000	0.000000	0.000028	0.000130	0.000133	0.000056	0.000005	0.000073	0.000118	0.000001	0.000000	0.000008	0.000016	0.000052	0.000040	0.000049
65	L	O	0.999156	0.000000	0.000000	0.000000	0.000021	0.000143	0.000164	0.000060	0.000004	0.000091	0.000156	0.000001	0.000000	0.000011	0.000022	0.000054	0.000049	0.000063
66	T	O	0.999035	0.000000	0.000000	0.000000	0.000011	0.000149	0.000196	0.000056	0.000003	0.000110	0.000210	0.000001	0.000000	0.000014	0.000031	0.000051	0.000056	0.000080
67	F	O	0.998915	0.000000	0.000000	0.000000	0.000000	0.000134	0.000246	0.000038	0.000000	0.000125	0.000279	0.000000	0.000000	0.000018	0.000046	0.000039	0.000065	0.000095
68	D	O	0.998809	0.000000	0.000000	0.000000	0.000000	0.000090	0.000319	0.000000	0.000000	0.000110	0.000389	0.000000	0.000000	0.000023	0.000064	0.000000	0.000080	0.000113
69	R	O	0.998732	0.000000	0.000000	0.000000	0.000000	0.000000	0.000384	0.000000	0.000000	0.000000	0.000521	0.000000	0.000000	0.000000	0.000165	0.000000	0.000000	0.000194
70	P	O	0.999997	0.000000	0.000000	0.000000	0.000000	0.000000	0.000000	0.000000	0.000000	0.000000	0.000000	0.000000	0.000000	0.000000	0.000000	0.000000	0.000000	0.000000
