# Name=gene-SYNPCC7002_RS10080
# pos	aa	label	Other	Sec/SPI n	Sec/SPI h	Sec/SPI c	Sec/SPII n	Sec/SPII h	Sec/SPII cys	Tat/SPI n	Tat/SPI RR	Tat/SPI h	Tat/SPI c	Tat/SPII n	Tat/SPII RR	Tat/SPII h	Tat/SPII cys	Sec/SPIII P	Sec/SPIII cons.	Sec/SPIII h
1	L	O	0.833843	0.031916	0.000000	0.000000	0.082242	0.000000	0.000000	0.000007	0.000000	0.000000	0.000000	0.000002	0.000000	0.000000	0.000000	0.052004	0.000000	0.000000
2	R	O	0.833840	0.027787	0.004130	0.000000	0.071137	0.011105	0.000000	0.000005	0.000001	0.000001	0.000000	0.000002	0.000001	0.000000	0.000000	0.050773	0.001230	0.000000
3	E	O	0.833845	0.023690	0.007924	0.000302	0.058127	0.024115	0.000000	0.000005	0.000001	0.000001	0.000000	0.000002	0.000000	0.000000	0.000000	0.048980	0.002346	0.000677
4	F	O	0.834395	0.019497	0.011693	0.000676	0.044631	0.037565	0.000047	0.000004	0.000001	0.000002	0.000000	0.000001	0.000000	0.000000	0.000000	0.045984	0.004178	0.001343
5	F	O	0.835540	0.015984	0.014675	0.001072	0.033639	0.048434	0.000122	0.000003	0.000001	0.000003	0.000000	0.000001	0.000000	0.000001	0.000000	0.041128	0.007197	0.002215
6	P	O	0.837494	0.013069	0.016956	0.001483	0.025575	0.056248	0.000250	0.000003	0.000001	0.000003	0.000001	0.000001	0.000000	0.000001	0.000000	0.034974	0.010565	0.003395
7	F	O	0.840492	0.010266	0.019225	0.001639	0.018109	0.063228	0.000487	0.000002	0.000000	0.000003	0.000001	0.000001	0.000000	0.000001	0.000000	0.027027	0.014594	0.004941
8	I	O	0.844859	0.007922	0.021037	0.001692	0.012042	0.068616	0.000678	0.000002	0.000000	0.000004	0.000001	0.000001	0.000000	0.000001	0.000000	0.018187	0.018625	0.006351
9	I	O	0.850251	0.006106	0.022207	0.001863	0.007905	0.071895	0.000859	0.000001	0.000000	0.000004	0.000001	0.000001	0.000000	0.000001	0.000000	0.010538	0.020036	0.008352
10	P	O	0.856952	0.004708	0.022842	0.002135	0.005163	0.073208	0.001428	0.000001	0.000000	0.000003	0.000001	0.000000	0.000000	0.000001	0.000000	0.005622	0.017789	0.010160
11	I	O	0.865435	0.003419	0.023547	0.002029	0.003050	0.073095	0.002227	0.000001	0.000000	0.000003	0.000001	0.000000	0.000000	0.000001	0.000000	0.002745	0.013872	0.010593
12	E	O	0.874517	0.002412	0.023923	0.001995	0.001717	0.072181	0.002248	0.000000	0.000000	0.000003	0.000002	0.000000	0.000000	0.000001	0.000000	0.001105	0.009922	0.009993
13	A	O	0.882359	0.001443	0.024389	0.001817	0.000814	0.070000	0.003083	0.000000	0.000000	0.000002	0.000001	0.000000	0.000000	0.000001	0.000000	0.000373	0.005788	0.009945
14	S	O	0.890097	0.000741	0.024663	0.001515	0.000347	0.067124	0.003344	0.000000	0.000000	0.000002	0.000001	0.000000	0.000000	0.000001	0.000000	0.000100	0.002871	0.009211
15	T	O	0.896513	0.000296	0.024758	0.001206	0.000133	0.063866	0.003472	0.000000	0.000000	0.000001	0.000001	0.000000	0.000000	0.000001	0.000000	0.000019	0.001118	0.008634
16	I	O	0.902162	0.000087	0.024605	0.001086	0.000044	0.059527	0.004429	0.000000	0.000000	0.000001	0.000001	0.000000	0.000000	0.000001	0.000000	0.000004	0.000322	0.007748
17	A	O	0.908685	0.000028	0.024174	0.001158	0.000014	0.053971	0.005585	0.000000	0.000000	0.000001	0.000001	0.000000	0.000000	0.000001	0.000000	0.000001	0.000094	0.006304
18	G	O	0.916088	0.000009	0.023571	0.001396	0.000005	0.046876	0.007104	0.000000	0.000000	0.000001	0.000001	0.000000	0.000000	0.000001	0.000000	0.000000	0.000026	0.004935
19	A	O	0.924837	0.000003	0.023007	0.001469	0.000002	0.036550	0.010329	0.000000	0.000000	0.000001	0.000000	0.000000	0.000000	0.000001	0.000000	0.000000	0.000007	0.003806
20	C	O	0.936600	0.000001	0.022561	0.001292	0.000001	0.024243	0.012308	0.000000	0.000000	0.000000	0.000000	0.000000	0.000000	0.000001	0.000000	0.000000	0.000002	0.003004
21	L	O	0.950347	0.000000	0.022211	0.001016	0.000000	0.017710	0.006534	0.000000	0.000000	0.000000	0.000000	0.000000	0.000000	0.000001	0.000000	0.000000	0.000001	0.002190
22	W	O	0.958011	0.000000	0.021891	0.000825	0.000000	0.012898	0.004813	0.000000	0.000000	0.000000	0.000000	0.000000	0.000000	0.000001	0.000000	0.000000	0.000000	0.001571
23	A	O	0.963588	0.000000	0.021503	0.000858	0.000000	0.008893	0.004005	0.000000	0.000000	0.000000	0.000000	0.000000	0.000000	0.000000	0.000000	0.000000	0.000000	0.001163
24	F	O	0.968329	0.000000	0.021107	0.000833	0.000000	0.005830	0.003064	0.000000	0.000000	0.000000	0.000000	0.000000	0.000000	0.000000	0.000000	0.000000	0.000000	0.000849
25	A	O	0.971971	0.000000	0.020604	0.000984	0.000000	0.004159	0.001671	0.000000	0.000000	0.000000	0.000000	0.000000	0.000000	0.000000	0.000000	0.000000	0.000000	0.000622
26	L	O	0.974177	0.000000	0.019947	0.001263	0.000000	0.002869	0.001290	0.000000	0.000000	0.000000	0.000000	0.000000	0.000000	0.000000	0.000000	0.000000	0.000000	0.000461
27	Y	O	0.975942	0.000000	0.018872	0.001986	0.000000	0.002022	0.000847	0.000000	0.000000	0.000000	0.000000	0.000000	0.000000	0.000000	0.000000	0.000000	0.000000	0.000336
28	I	O	0.977373	0.000000	0.017338	0.003036	0.000000	0.001440	0.000583	0.000000	0.000000	0.000000	0.000000	0.000000	0.000000	0.000000	0.000000	0.000000	0.000000	0.000238
29	G	O	0.978575	0.000000	0.015236	0.004574	0.000000	0.000968	0.000473	0.000000	0.000000	0.000000	0.000000	0.000000	0.000000	0.000000	0.000000	0.000000	0.000000	0.000180
30	I	O	0.979945	0.000000	0.012691	0.006268	0.000000	0.000530	0.000439	0.000000	0.000000	0.000000	0.000000	0.000000	0.000000	0.000000	0.000000	0.000000	0.000001	0.000130
31	A	O	0.981517	0.000000	0.009469	0.008415	0.000000	0.000315	0.000215	0.000000	0.000000	0.000000	0.000000	0.000000	0.000000	0.000000	0.000000	0.000000	0.000001	0.000071
32	P	O	0.983351	0.000000	0.006627	0.009678	0.000000	0.000153	0.000163	0.000000	0.000000	0.000000	0.000000	0.000000	0.000000	0.000000	0.000000	0.000000	0.000001	0.000032
33	L	O	0.985712	0.000000	0.004834	0.009289	0.000000	0.000059	0.000094	0.000000	0.000000	0.000000	0.000000	0.000000	0.000000	0.000000	0.000000	0.000001	0.000001	0.000012
34	R	O	0.987772	0.000000	0.003240	0.008922	0.000000	0.000023	0.000037	0.000000	0.000000	0.000000	0.000000	0.000000	0.000000	0.000000	0.000000	0.000001	0.000001	0.000004
35	E	O	0.989592	0.000000	0.002222	0.008160	0.000000	0.000013	0.000010	0.000000	0.000000	0.000000	0.000000	0.000000	0.000000	0.000000	0.000000	0.000001	0.000001	0.000001
36	G	O	0.991269	0.000000	0.001629	0.007083	0.000001	0.000008	0.000005	0.000000	0.000000	0.000000	0.000000	0.000000	0.000000	0.000000	0.000000	0.000001	0.000001	0.000001
37	I	O	0.992729	0.000000	0.001229	0.006025	0.000001	0.000005	0.000004	0.000000	0.000000	0.000000	0.000000	0.000000	0.000000	0.000000	0.000000	0.000002	0.000001	0.000001
38	L	O	0.993967	0.000000	0.000919	0.005103	0.000001	0.000004	0.000002	0.000000	0.000000	0.000000	0.000000	0.000000	0.000000	0.000000	0.000000	0.000002	0.000001	0.000001
39	N	O	0.994907	0.000000	0.000656	0.004424	0.000001	0.000003	0.000002	0.000000	0.000000	0.000000	0.000000	0.000000	0.000000	0.000000	0.000000	0.000002	0.000001	0.000001
40	G	O	0.995748	0.000000	0.000479	0.003760	0.000001	0.000003	0.000001	0.000000	0.000000	0.000000	0.000000	0.000000	0.000000	0.000000	0.000000	0.000002	0.000001	0.000001
41	L	O	0.996525	0.000000	0.000356	0.003105	0.000001	0.000002	0.000001	0.000000	0.000000	0.000000	0.000000	0.000000	0.000000	0.000000	0.000000	0.000003	0.000001	0.000001
42	E	O	0.997068	0.000000	0.000251	0.002670	0.000001	0.000002	0.000001	0.000000	0.000000	0.000000	0.000000	0.000000	0.000000	0.000000	0.000000	0.000003	0.000001	0.000002
43	R	O	0.997471	0.000000	0.000169	0.002347	0.000002	0.000002	0.000001	0.000001	0.000000	0.000000	0.000000	0.000000	0.000000	0.000000	0.000000	0.000004	0.000001	0.000002
44	W	O	0.997817	0.000000	0.000110	0.002057	0.000002	0.000003	0.000001	0.000001	0.000000	0.000000	0.000001	0.000000	0.000000	0.000000	0.000000	0.000004	0.000002	0.000002
45	M	O	0.998147	0.000000	0.000070	0.001763	0.000002	0.000003	0.000001	0.000001	0.000000	0.000001	0.000001	0.000000	0.000000	0.000000	0.000000	0.000005	0.000002	0.000002
46	N	O	0.998435	0.000000	0.000044	0.001500	0.000002	0.000003	0.000002	0.000001	0.000000	0.000001	0.000001	0.000000	0.000000	0.000000	0.000000	0.000005	0.000002	0.000002
47	W	O	0.998708	0.000000	0.000028	0.001241	0.000002	0.000003	0.000002	0.000001	0.000000	0.000001	0.000001	0.000000	0.000000	0.000000	0.000000	0.000005	0.000002	0.000003
48	A	O	0.998962	0.000000	0.000017	0.000996	0.000002	0.000004	0.000002	0.000002	0.000000	0.000001	0.000002	0.000000	0.000000	0.000000	0.000000	0.000006	0.000003	0.000003
49	E	O	0.999181	0.000000	0.000011	0.000777	0.000002	0.000004	0.000002	0.000002	0.000000	0.000002	0.000002	0.000000	0.000000	0.000000	0.000000	0.000007	0.000003	0.000003
50	R	O	0.999354	0.000000	0.000006	0.000610	0.000003	0.000004	0.000002	0.000003	0.000000	0.000002	0.000003	0.000000	0.000000	0.000000	0.000000	0.000008	0.000003	0.000004
51	S	O	0.999491	0.000000	0.000004	0.000470	0.000003	0.000005	0.000002	0.000004	0.000000	0.000002	0.000004	0.000000	0.000000	0.000000	0.000000	0.000009	0.000003	0.000004
52	L	O	0.999604	0.000000	0.000002	0.000350	0.000003	0.000005	0.000003	0.000004	0.000001	0.000003	0.000005	0.000000	0.000000	0.000000	0.000000	0.000010	0.000004	0.000005
53	Y	O	0.999694	0.000000	0.000001	0.000255	0.000003	0.000006	0.000003	0.000006	0.000001	0.000004	0.000006	0.000000	0.000000	0.000000	0.000000	0.000012	0.000005	0.000005
54	F	O	0.999767	0.000000	0.000001	0.000175	0.000003	0.000006	0.000004	0.000007	0.000001	0.000005	0.000008	0.000000	0.000000	0.000000	0.000001	0.000014	0.000006	0.000006
55	S	O	0.999817	0.000000	0.000000	0.000112	0.000004	0.000006	0.000004	0.000009	0.000001	0.000006	0.000009	0.000000	0.000000	0.000001	0.000001	0.000017	0.000007	0.000007
56	E	O	0.999841	0.000000	0.000000	0.000071	0.000004	0.000007	0.000005	0.000012	0.000002	0.000008	0.000012	0.000000	0.000000	0.000001	0.000001	0.000022	0.000008	0.000009
57	E	O	0.999836	0.000000	0.000000	0.000046	0.000005	0.000008	0.000006	0.000017	0.000002	0.000011	0.000015	0.000000	0.000000	0.000001	0.000002	0.000028	0.000010	0.000011
58	E	O	0.999812	0.000000	0.000000	0.000030	0.000006	0.000009	0.000007	0.000024	0.000003	0.000016	0.000022	0.000001	0.000000	0.000001	0.000002	0.000037	0.000013	0.000015
59	F	O	0.999772	0.000000	0.000000	0.000020	0.000008	0.000012	0.000008	0.000034	0.000004	0.000024	0.000031	0.000001	0.000000	0.000002	0.000004	0.000049	0.000017	0.000019
60	E	O	0.999703	0.000000	0.000000	0.000012	0.000009	0.000014	0.000010	0.000046	0.000005	0.000034	0.000045	0.000001	0.000000	0.000003	0.000005	0.000063	0.000022	0.000024
61	K	O	0.999610	0.000000	0.000000	0.000008	0.000011	0.000018	0.000013	0.000063	0.000007	0.000048	0.000065	0.000002	0.000000	0.000004	0.000007	0.000083	0.000029	0.000032
62	D	O	0.999480	0.000000	0.000000	0.000005	0.000012	0.000022	0.000015	0.000085	0.000009	0.000070	0.000094	0.000002	0.000001	0.000006	0.000010	0.000104	0.000041	0.000043
63	K	O	0.999313	0.000000	0.000000	0.000003	0.000013	0.000028	0.000020	0.000108	0.000011	0.000099	0.000138	0.000002	0.000001	0.000009	0.000015	0.000129	0.000053	0.000059
64	E	O	0.999118	0.000000	0.000000	0.000002	0.000012	0.000035	0.000023	0.000127	0.000010	0.000142	0.000195	0.000002	0.000000	0.000013	0.000022	0.000147	0.000074	0.000077
65	I	O	0.998890	0.000000	0.000000	0.000001	0.000009	0.000042	0.000030	0.000128	0.000008	0.000197	0.000282	0.000002	0.000000	0.000019	0.000032	0.000152	0.000103	0.000104
66	R	O	0.998685	0.000000	0.000000	0.000001	0.000005	0.000046	0.000038	0.000106	0.000005	0.000224	0.000412	0.000001	0.000000	0.000024	0.000045	0.000140	0.000126	0.000143
67	E	O	0.998554	0.000000	0.000000	0.000000	0.000000	0.000044	0.000048	0.000061	0.000000	0.000229	0.000545	0.000000	0.000000	0.000028	0.000065	0.000085	0.000156	0.000186
68	S	O	0.998567	0.000000	0.000000	0.000000	0.000000	0.000030	0.000060	0.000000	0.000000	0.000169	0.000659	0.000000	0.000000	0.000026	0.000094	0.000000	0.000149	0.000246
69	K	O	0.998831	0.000000	0.000000	0.000000	0.000000	0.000000	0.000082	0.000000	0.000000	0.000000	0.000656	0.000000	0.000000	0.000000	0.000143	0.000000	0.000000	0.000292
70	S	O	0.999998	0.000000	0.000000	0.000000	0.000000	0.000000	0.000000	0.000000	0.000000	0.000000	0.000000	0.000000	0.000000	0.000000	0.000000	0.000000	0.000000	0.000000
