# Name=gene-SYNPCC7002_RS07165
# pos	aa	label	Other	Sec/SPI n	Sec/SPI h	Sec/SPI c	Sec/SPII n	Sec/SPII h	Sec/SPII cys	Tat/SPI n	Tat/SPI RR	Tat/SPI h	Tat/SPI c	Tat/SPII n	Tat/SPII RR	Tat/SPII h	Tat/SPII cys	Sec/SPIII P	Sec/SPIII cons.	Sec/SPIII h
1	F	N	0.001299	0.997128	0.000000	0.000000	0.001543	0.000000	0.000000	0.000000	0.000000	0.000000	0.000000	0.000000	0.000000	0.000000	0.000000	0.000000	0.000000	0.000000
2	K	N	0.001299	0.929163	0.067961	0.000000	0.001397	0.000147	0.000000	0.000000	0.000000	0.000000	0.000000	0.000000	0.000000	0.000000	0.000000	0.000000	0.000000	0.000000
3	T	N	0.001299	0.796625	0.200505	0.000003	0.001136	0.000408	0.000000	0.000000	0.000000	0.000000	0.000000	0.000000	0.000000	0.000000	0.000000	0.000000	0.000000	0.000000
4	I	N	0.001301	0.663942	0.333176	0.000010	0.000891	0.000652	0.000001	0.000000	0.000000	0.000000	0.000000	0.000000	0.000000	0.000000	0.000000	0.000000	0.000000	0.000000
5	L	N	0.001304	0.585149	0.411952	0.000022	0.000761	0.000781	0.000001	0.000000	0.000000	0.000000	0.000000	0.000000	0.000000	0.000000	0.000000	0.000000	0.000000	0.000000
6	Q	N	0.001312	0.516321	0.480765	0.000033	0.000652	0.000883	0.000006	0.000000	0.000000	0.000000	0.000000	0.000000	0.000000	0.000000	0.000000	0.000000	0.000000	0.000000
7	Y	H	0.001331	0.316031	0.681046	0.000027	0.000393	0.001134	0.000008	0.000000	0.000000	0.000000	0.000000	0.000000	0.000000	0.000000	0.000000	0.000000	0.000000	0.000000
8	L	H	0.001351	0.195029	0.802040	0.000023	0.000232	0.001290	0.000005	0.000000	0.000000	0.000000	0.000000	0.000000	0.000000	0.000000	0.000000	0.000000	0.000000	0.000000
9	R	H	0.001365	0.144853	0.852199	0.000027	0.000169	0.001345	0.000009	0.000000	0.000000	0.000000	0.000000	0.000000	0.000000	0.000000	0.000000	0.000000	0.000000	0.000000
10	G	H	0.001389	0.036871	0.960173	0.000015	0.000052	0.001450	0.000011	0.000000	0.000000	0.000000	0.000000	0.000000	0.000000	0.000000	0.000000	0.000000	0.000000	0.000000
11	L	H	0.001411	0.004652	0.992384	0.000009	0.000010	0.001482	0.000010	0.000000	0.000000	0.000000	0.000000	0.000000	0.000000	0.000000	0.000000	0.000000	0.000000	0.000000
12	A	H	0.001425	0.000802	0.996231	0.000014	0.000003	0.001480	0.000010	0.000000	0.000000	0.000000	0.000000	0.000000	0.000000	0.000000	0.000000	0.000000	0.000000	0.000000
13	I	H	0.001440	0.000201	0.996808	0.000032	0.000001	0.001463	0.000018	0.000000	0.000000	0.000000	0.000000	0.000000	0.000000	0.000000	0.000000	0.000000	0.000000	0.000000
14	T	H	0.001466	0.000063	0.996884	0.000085	0.000000	0.001427	0.000037	0.000000	0.000000	0.000000	0.000000	0.000000	0.000000	0.000000	0.000000	0.000000	0.000000	0.000000
15	C	H	0.001516	0.000023	0.996801	0.000196	0.000000	0.001362	0.000065	0.000000	0.000000	0.000000	0.000000	0.000000	0.000000	0.000000	0.000000	0.000000	0.000000	0.000000
16	I	H	0.001602	0.000007	0.996588	0.000403	0.000000	0.001289	0.000073	0.000000	0.000000	0.000000	0.000000	0.000000	0.000000	0.000000	0.000000	0.000000	0.000000	0.000000
17	G	H	0.001697	0.000002	0.995927	0.001047	0.000000	0.001203	0.000086	0.000000	0.000000	0.000000	0.000000	0.000000	0.000000	0.000000	0.000000	0.000000	0.000000	0.000000
18	L	H	0.001812	0.000001	0.994279	0.002665	0.000000	0.001117	0.000086	0.000000	0.000000	0.000000	0.000000	0.000000	0.000000	0.000000	0.000000	0.000000	0.000000	0.000000
19	L	H	0.001927	0.000000	0.989066	0.007848	0.000000	0.001049	0.000068	0.000000	0.000000	0.000000	0.000000	0.000000	0.000000	0.000000	0.000000	0.000000	0.000000	0.000000
20	L	H	0.002023	0.000000	0.971580	0.025307	0.000000	0.000957	0.000093	0.000000	0.000000	0.000000	0.000000	0.000000	0.000000	0.000000	0.000000	0.000000	0.000000	0.000000
21	L	H	0.002145	0.000000	0.902522	0.094333	0.000000	0.000842	0.000115	0.000000	0.000000	0.000000	0.000000	0.000000	0.000000	0.000000	0.000000	0.000000	0.000000	0.000000
22	T	H	0.002287	0.000000	0.534906	0.461924	0.000000	0.000747	0.000095	0.000000	0.000000	0.000000	0.000000	0.000000	0.000000	0.000000	0.000000	0.000000	0.000000	0.000000
23	Q	C	0.002474	0.000000	0.120101	0.876639	0.000000	0.000551	0.000196	0.000000	0.000000	0.000000	0.000000	0.000000	0.000000	0.000000	0.000000	0.000000	0.000000	0.000000
24	P	C	0.002936	0.000000	0.017645	0.978827	0.000000	0.000350	0.000201	0.000000	0.000000	0.000000	0.000000	0.000000	0.000000	0.000000	0.000000	0.000000	0.000000	0.000000
25	A	C	0.004131	0.000000	0.000944	0.994537	0.000000	0.000243	0.000107	0.000000	0.000000	0.000000	0.000000	0.000000	0.000000	0.000000	0.000000	0.000000	0.000000	0.000000
26	W	C	0.010546	0.000000	0.000106	0.989066	0.000000	0.000110	0.000133	0.000000	0.000000	0.000000	0.000000	0.000000	0.000000	0.000000	0.000000	0.000000	0.000000	0.000000
27	A	C	0.045632	0.000000	0.000001	0.954221	0.000000	0.000024	0.000086	0.000000	0.000000	0.000000	0.000000	0.000000	0.000000	0.000000	0.000000	0.000000	0.000000	0.000000
28	F	O	0.988068	0.000000	0.000000	0.011870	0.000000	0.000003	0.000021	0.000000	0.000000	0.000000	0.000000	0.000000	0.000000	0.000000	0.000000	0.000000	0.000000	0.000000
29	C	O	0.998092	0.000000	0.000000	0.001870	0.000000	0.000001	0.000003	0.000000	0.000000	0.000000	0.000000	0.000000	0.000000	0.000000	0.000000	0.000000	0.000000	0.000000
30	G	O	0.999538	0.000000	0.000000	0.000428	0.000000	0.000000	0.000000	0.000000	0.000000	0.000000	0.000000	0.000000	0.000000	0.000000	0.000000	0.000000	0.000000	0.000000
31	F	O	0.999796	0.000000	0.000000	0.000165	0.000000	0.000000	0.000000	0.000000	0.000000	0.000000	0.000000	0.000000	0.000000	0.000000	0.000000	0.000000	0.000000	0.000000
32	Y	O	0.999866	0.000000	0.000000	0.000093	0.000000	0.000000	0.000000	0.000000	0.000000	0.000000	0.000000	0.000000	0.000000	0.000000	0.000000	0.000000	0.000000	0.000000
33	V	O	0.999900	0.000000	0.000000	0.000059	0.000000	0.000000	0.000000	0.000000	0.000000	0.000000	0.000000	0.000000	0.000000	0.000000	0.000000	0.000000	0.000000	0.000000
34	A	O	0.999925	0.000000	0.000000	0.000038	0.000000	0.000000	0.000000	0.000000	0.000000	0.000000	0.000000	0.000000	0.000000	0.000000	0.000000	0.000000	0.000000	0.000000
35	K	O	0.999937	0.000000	0.000000	0.000024	0.000000	0.000000	0.000000	0.000000	0.000000	0.000000	0.000000	0.000000	0.000000	0.000000	0.000000	0.000000	0.000000	0.000000
36	A	O	0.999951	0.000000	0.000000	0.000015	0.000000	0.000000	0.000000	0.000000	0.000000	0.000000	0.000000	0.000000	0.000000	0.000000	0.000000	0.000000	0.000000	0.000000
37	D	O	0.999956	0.000000	0.000000	0.000009	0.000000	0.000000	0.000001	0.000000	0.000000	0.000000	0.000000	0.000000	0.000000	0.000000	0.000000	0.000000	0.000000	0.000000
38	T	O	0.999958	0.000000	0.000000	0.000005	0.000000	0.000001	0.000001	0.000000	0.000000	0.000000	0.000000	0.000000	0.000000	0.000000	0.000000	0.000000	0.000000	0.000000
39	D	O	0.999967	0.000000	0.000000	0.000003	0.000000	0.000001	0.000001	0.000000	0.000000	0.000000	0.000000	0.000000	0.000000	0.000000	0.000000	0.000000	0.000000	0.000000
40	L	O	0.999969	0.000000	0.000000	0.000002	0.000000	0.000001	0.000001	0.000000	0.000000	0.000000	0.000000	0.000000	0.000000	0.000000	0.000000	0.000000	0.000000	0.000000
41	Y	O	0.999966	0.000000	0.000000	0.000002	0.000001	0.000001	0.000001	0.000000	0.000000	0.000000	0.000000	0.000000	0.000000	0.000000	0.000000	0.000000	0.000000	0.000000
42	N	O	0.999973	0.000000	0.000000	0.000001	0.000001	0.000002	0.000001	0.000000	0.000000	0.000000	0.000000	0.000000	0.000000	0.000000	0.000000	0.000000	0.000000	0.000000
43	Q	O	0.999970	0.000000	0.000000	0.000001	0.000001	0.000002	0.000002	0.000000	0.000000	0.000000	0.000000	0.000000	0.000000	0.000000	0.000000	0.000000	0.000000	0.000000
44	A	O	0.999977	0.000000	0.000000	0.000000	0.000001	0.000002	0.000002	0.000000	0.000000	0.000000	0.000000	0.000000	0.000000	0.000000	0.000000	0.000000	0.000000	0.000000
45	S	O	0.999972	0.000000	0.000000	0.000000	0.000001	0.000003	0.000002	0.000000	0.000000	0.000000	0.000000	0.000000	0.000000	0.000000	0.000000	0.000000	0.000000	0.000000
46	Q	O	0.999971	0.000000	0.000000	0.000000	0.000001	0.000004	0.000003	0.000000	0.000000	0.000000	0.000000	0.000000	0.000000	0.000000	0.000000	0.000000	0.000000	0.000000
47	V	O	0.999976	0.000000	0.000000	0.000000	0.000002	0.000005	0.000004	0.000000	0.000000	0.000000	0.000000	0.000000	0.000000	0.000000	0.000000	0.000000	0.000000	0.000000
48	I	O	0.999975	0.000000	0.000000	0.000000	0.000002	0.000006	0.000005	0.000000	0.000000	0.000000	0.000000	0.000000	0.000000	0.000000	0.000000	0.000000	0.000000	0.000000
49	I	O	0.999973	0.000000	0.000000	0.000000	0.000002	0.000006	0.000006	0.000000	0.000000	0.000000	0.000000	0.000000	0.000000	0.000000	0.000000	0.000000	0.000000	0.000000
50	A	O	0.999969	0.000000	0.000000	0.000000	0.000002	0.000007	0.000006	0.000000	0.000000	0.000000	0.000000	0.000000	0.000000	0.000000	0.000000	0.000000	0.000000	0.000000
51	R	O	0.999962	0.000000	0.000000	0.000000	0.000002	0.000007	0.000008	0.000000	0.000000	0.000000	0.000000	0.000000	0.000000	0.000000	0.000000	0.000000	0.000000	0.000000
52	D	O	0.999961	0.000000	0.000000	0.000000	0.000002	0.000007	0.000009	0.000000	0.000000	0.000000	0.000001	0.000000	0.000000	0.000000	0.000000	0.000000	0.000000	0.000000
53	G	O	0.999952	0.000000	0.000000	0.000000	0.000003	0.000008	0.000010	0.000000	0.000000	0.000000	0.000001	0.000000	0.000000	0.000000	0.000000	0.000000	0.000000	0.000000
54	D	O	0.999946	0.000000	0.000000	0.000000	0.000003	0.000009	0.000012	0.000000	0.000000	0.000000	0.000001	0.000000	0.000000	0.000000	0.000000	0.000000	0.000000	0.000000
55	R	O	0.999947	0.000000	0.000000	0.000000	0.000004	0.000010	0.000014	0.000001	0.000000	0.000001	0.000001	0.000000	0.000000	0.000000	0.000000	0.000000	0.000000	0.000000
56	T	O	0.999944	0.000000	0.000000	0.000000	0.000004	0.000013	0.000016	0.000001	0.000000	0.000001	0.000002	0.000000	0.000000	0.000000	0.000000	0.000000	0.000000	0.000000
57	V	O	0.999926	0.000000	0.000000	0.000000	0.000005	0.000016	0.000021	0.000001	0.000000	0.000001	0.000002	0.000000	0.000000	0.000000	0.000000	0.000001	0.000000	0.000000
58	L	O	0.999916	0.000000	0.000000	0.000000	0.000005	0.000019	0.000026	0.000002	0.000000	0.000002	0.000003	0.000000	0.000000	0.000000	0.000000	0.000001	0.000000	0.000001
59	T	O	0.999913	0.000000	0.000000	0.000000	0.000006	0.000023	0.000030	0.000002	0.000000	0.000002	0.000004	0.000000	0.000000	0.000000	0.000000	0.000001	0.000001	0.000001
60	M	O	0.999897	0.000000	0.000000	0.000000	0.000006	0.000025	0.000039	0.000003	0.000000	0.000003	0.000006	0.000000	0.000000	0.000000	0.000000	0.000002	0.000001	0.000001
61	A	O	0.999886	0.000000	0.000000	0.000000	0.000006	0.000028	0.000045	0.000005	0.000000	0.000004	0.000008	0.000000	0.000000	0.000000	0.000001	0.000002	0.000001	0.000001
62	N	O	0.999862	0.000000	0.000000	0.000000	0.000007	0.000030	0.000054	0.000006	0.000001	0.000006	0.000011	0.000000	0.000000	0.000000	0.000001	0.000003	0.000002	0.000002
63	D	O	0.999833	0.000000	0.000000	0.000000	0.000007	0.000035	0.000068	0.000009	0.000001	0.000010	0.000018	0.000000	0.000000	0.000001	0.000002	0.000005	0.000003	0.000003
64	Y	O	0.999787	0.000000	0.000000	0.000000	0.000007	0.000040	0.000083	0.000012	0.000001	0.000014	0.000027	0.000000	0.000000	0.000001	0.000003	0.000007	0.000004	0.000005
65	E	O	0.999726	0.000000	0.000000	0.000000	0.000006	0.000045	0.000105	0.000015	0.000001	0.000021	0.000042	0.000000	0.000000	0.000002	0.000004	0.000009	0.000007	0.000007
66	G	O	0.999664	0.000000	0.000000	0.000000	0.000002	0.000051	0.000123	0.000018	0.000001	0.000029	0.000066	0.000000	0.000000	0.000003	0.000008	0.000011	0.000010	0.000012
67	E	O	0.999573	0.000000	0.000000	0.000000	0.000000	0.000048	0.000165	0.000016	0.000000	0.000041	0.000100	0.000000	0.000000	0.000005	0.000013	0.000012	0.000014	0.000019
68	V	O	0.999475	0.000000	0.000000	0.000000	0.000000	0.000028	0.000215	0.000000	0.000000	0.000052	0.000159	0.000000	0.000000	0.000009	0.000020	0.000000	0.000025	0.000026
69	S	O	0.999375	0.000000	0.000000	0.000000	0.000000	0.000000	0.000179	0.000000	0.000000	0.000000	0.000292	0.000000	0.000000	0.000000	0.000087	0.000000	0.000000	0.000067
70	D	O	1.000000	0.000000	0.000000	0.000000	0.000000	0.000000	0.000000	0.000000	0.000000	0.000000	0.000000	0.000000	0.000000	0.000000	0.000000	0.000000	0.000000	0.000000
