# Name=gene-SYNPCC7002_RS09555
# pos	aa	label	Other	Sec/SPI n	Sec/SPI h	Sec/SPI c	Sec/SPII n	Sec/SPII h	Sec/SPII cys	Tat/SPI n	Tat/SPI RR	Tat/SPI h	Tat/SPI c	Tat/SPII n	Tat/SPII RR	Tat/SPII h	Tat/SPII cys	Sec/SPIII P	Sec/SPIII cons.	Sec/SPIII h
1	T	N	0.007175	0.000135	0.000000	0.000000	0.000019	0.000000	0.000000	0.959221	0.000000	0.000000	0.000000	0.033404	0.000000	0.000000	0.000000	0.000015	0.000000	0.000000
2	Q	N	0.007175	0.000128	0.000007	0.000000	0.000017	0.000002	0.000000	0.910399	0.048820	0.000001	0.000000	0.027808	0.005596	0.000000	0.000000	0.000014	0.000001	0.000000
3	L	N	0.007175	0.000122	0.000011	0.000002	0.000015	0.000004	0.000000	0.912872	0.046343	0.000003	0.000000	0.027902	0.005501	0.000001	0.000000	0.000013	0.000001	0.000001
4	S	N	0.007175	0.000117	0.000013	0.000005	0.000014	0.000005	0.000000	0.920569	0.038642	0.000005	0.000000	0.028240	0.005162	0.000001	0.000000	0.000013	0.000001	0.000001
5	G	N	0.007177	0.000113	0.000013	0.000008	0.000012	0.000006	0.000001	0.919898	0.039311	0.000008	0.000001	0.028358	0.005044	0.000002	0.000000	0.000012	0.000001	0.000001
6	S	N	0.007179	0.000109	0.000013	0.000011	0.000011	0.000006	0.000001	0.917977	0.041228	0.000014	0.000001	0.028225	0.005175	0.000004	0.000000	0.000011	0.000001	0.000001
7	S	N	0.007182	0.000106	0.000012	0.000014	0.000010	0.000007	0.000001	0.923689	0.035507	0.000023	0.000001	0.028631	0.004767	0.000006	0.000000	0.000010	0.000001	0.000001
8	D	N	0.007185	0.000103	0.000011	0.000016	0.000009	0.000007	0.000001	0.920316	0.038862	0.000039	0.000001	0.028558	0.004835	0.000011	0.000000	0.000010	0.000001	0.000001
9	V	N	0.007189	0.000100	0.000011	0.000017	0.000008	0.000007	0.000001	0.922565	0.036581	0.000071	0.000002	0.028367	0.005016	0.000020	0.000000	0.000009	0.000001	0.000001
10	P	N	0.007193	0.000097	0.000010	0.000018	0.000008	0.000008	0.000000	0.931576	0.027517	0.000126	0.000002	0.029091	0.004275	0.000037	0.000000	0.000008	0.000001	0.000001
11	D	N	0.007198	0.000095	0.000010	0.000018	0.000007	0.000008	0.000000	0.934648	0.024310	0.000257	0.000002	0.029215	0.004113	0.000075	0.000000	0.000007	0.000001	0.000001
12	L	N	0.007204	0.000092	0.000010	0.000017	0.000006	0.000009	0.000000	0.937019	0.021599	0.000594	0.000003	0.029355	0.003884	0.000164	0.000000	0.000006	0.000002	0.000001
13	G	N	0.007210	0.000088	0.000012	0.000014	0.000005	0.000009	0.000000	0.936897	0.020650	0.001662	0.000003	0.028607	0.004398	0.000397	0.000000	0.000005	0.000002	0.000001
14	R	R	0.007216	0.000083	0.000015	0.000012	0.000004	0.000008	0.000001	0.144869	0.809315	0.005024	0.000003	0.008265	0.024157	0.000980	0.000000	0.000003	0.000003	0.000002
15	R	R	0.007223	0.000076	0.000021	0.000010	0.000003	0.000007	0.000002	0.077087	0.873884	0.008234	0.000004	0.006443	0.025429	0.001530	0.000001	0.000002	0.000002	0.000003
16	Q	N	0.007231	0.000065	0.000030	0.000009	0.000003	0.000008	0.000001	0.918625	0.015557	0.025023	0.000004	0.025832	0.004650	0.002918	0.000001	0.000001	0.000002	0.000001
17	F	H	0.007239	0.000042	0.000053	0.000006	0.000001	0.000008	0.000001	0.119527	0.010403	0.829279	0.000003	0.010037	0.005163	0.018199	0.000002	0.000001	0.000001	0.000002
18	L	H	0.007245	0.000027	0.000066	0.000004	0.000001	0.000008	0.000000	0.023064	0.009741	0.926364	0.000040	0.006462	0.003555	0.023380	0.000001	0.000001	0.000001	0.000001
19	N	H	0.007260	0.000017	0.000076	0.000003	0.000000	0.000008	0.000000	0.016726	0.004913	0.937451	0.000108	0.004823	0.002002	0.026565	0.000007	0.000000	0.000001	0.000001
20	L	H	0.007305	0.000010	0.000082	0.000002	0.000000	0.000008	0.000000	0.014017	0.003025	0.941957	0.000162	0.003449	0.000985	0.028941	0.000014	0.000000	0.000001	0.000001
21	L	H	0.007373	0.000006	0.000086	0.000002	0.000000	0.000008	0.000000	0.011838	0.002138	0.944876	0.000261	0.002164	0.000598	0.030595	0.000019	0.000000	0.000001	0.000001
22	W	H	0.007481	0.000003	0.000087	0.000002	0.000000	0.000008	0.000000	0.010540	0.001584	0.946467	0.000432	0.001378	0.000416	0.031527	0.000036	0.000000	0.000000	0.000001
23	V	H	0.007660	0.000002	0.000087	0.000003	0.000000	0.000008	0.000000	0.009225	0.001466	0.947457	0.000735	0.000942	0.000249	0.032069	0.000061	0.000000	0.000000	0.000001
24	G	H	0.007965	0.000001	0.000086	0.000004	0.000000	0.000007	0.000000	0.008631	0.000961	0.947818	0.001231	0.000610	0.000178	0.032371	0.000101	0.000000	0.000000	0.000001
25	T	H	0.008544	0.000001	0.000085	0.000005	0.000000	0.000007	0.000000	0.007815	0.000948	0.947637	0.001768	0.000422	0.000128	0.032427	0.000181	0.000000	0.000000	0.000001
26	A	H	0.009437	0.000001	0.000083	0.000006	0.000000	0.000006	0.000000	0.007306	0.000754	0.946727	0.002672	0.000313	0.000080	0.032318	0.000267	0.000000	0.000000	0.000001
27	A	H	0.010773	0.000000	0.000080	0.000007	0.000000	0.000006	0.000001	0.006523	0.000799	0.945211	0.003857	0.000215	0.000058	0.031984	0.000454	0.000000	0.000000	0.000000
28	G	H	0.012815	0.000000	0.000078	0.000008	0.000000	0.000005	0.000001	0.006036	0.000583	0.942680	0.005506	0.000147	0.000041	0.031411	0.000657	0.000000	0.000000	0.000000
29	T	H	0.015871	0.000000	0.000075	0.000009	0.000000	0.000005	0.000001	0.005453	0.000509	0.938686	0.007761	0.000101	0.000027	0.030463	0.001008	0.000000	0.000000	0.000000
30	A	H	0.020182	0.000000	0.000072	0.000009	0.000000	0.000004	0.000001	0.004882	0.000461	0.931200	0.012566	0.000068	0.000019	0.029229	0.001275	0.000000	0.000000	0.000000
31	L	H	0.025852	0.000000	0.000069	0.000010	0.000000	0.000004	0.000001	0.004207	0.000521	0.915795	0.024194	0.000046	0.000014	0.027685	0.001571	0.000000	0.000000	0.000000
32	G	H	0.032825	0.000000	0.000065	0.000013	0.000000	0.000003	0.000001	0.003589	0.000599	0.875726	0.059404	0.000033	0.000012	0.025323	0.002377	0.000000	0.000000	0.000000
33	G	H	0.049297	0.000000	0.000061	0.000014	0.000000	0.000002	0.000001	0.003279	0.000392	0.825199	0.096356	0.000025	0.000008	0.021951	0.003383	0.000000	0.000000	0.000000
34	L	H	0.071466	0.000000	0.000057	0.000015	0.000000	0.000002	0.000001	0.002363	0.000784	0.747256	0.156041	0.000018	0.000007	0.017919	0.004040	0.000000	0.000000	0.000000
35	Y	H	0.095268	0.000000	0.000052	0.000019	0.000000	0.000001	0.000001	0.002019	0.000759	0.611006	0.272900	0.000013	0.000006	0.013453	0.004471	0.000000	0.000000	0.000000
36	P	H	0.138518	0.000000	0.000046	0.000023	0.000000	0.000001	0.000000	0.002007	0.000428	0.473834	0.371641	0.000012	0.000004	0.009869	0.003588	0.000000	0.000000	0.000000
37	V	H	0.207309	0.000000	0.000040	0.000026	0.000000	0.000000	0.000000	0.001548	0.000396	0.378913	0.401852	0.000009	0.000003	0.006924	0.002949	0.000000	0.000000	0.000000
38	I	H	0.271081	0.000000	0.000033	0.000032	0.000000	0.000000	0.000000	0.001205	0.000393	0.255734	0.464559	0.000006	0.000003	0.004412	0.002514	0.000000	0.000000	0.000000
39	K	C	0.327287	0.000000	0.000021	0.000042	0.000000	0.000000	0.000000	0.000926	0.000513	0.105370	0.561392	0.000005	0.000003	0.002865	0.001548	0.000000	0.000000	0.000000
40	Y	O	0.438409	0.000000	0.000016	0.000044	0.000000	0.000000	0.000000	0.001038	0.000188	0.065925	0.491478	0.000005	0.000002	0.001608	0.001258	0.000000	0.000000	0.000000
41	F	O	0.551544	0.000000	0.000013	0.000043	0.000000	0.000000	0.000000	0.000810	0.000087	0.045041	0.400820	0.000004	0.000001	0.000776	0.000834	0.000000	0.000000	0.000000
42	I	O	0.644133	0.000000	0.000010	0.000043	0.000000	0.000000	0.000000	0.000502	0.000094	0.029207	0.325204	0.000003	0.000001	0.000401	0.000376	0.000000	0.000000	0.000000
43	P	O	0.710111	0.000000	0.000006	0.000044	0.000000	0.000000	0.000000	0.000378	0.000058	0.015167	0.273803	0.000002	0.000001	0.000221	0.000181	0.000000	0.000000	0.000000
44	P	O	0.764963	0.000000	0.000004	0.000044	0.000000	0.000000	0.000000	0.000271	0.000033	0.007587	0.226848	0.000002	0.000001	0.000118	0.000104	0.000000	0.000000	0.000000
45	S	O	0.807796	0.000000	0.000002	0.000043	0.000000	0.000000	0.000000	0.000167	0.000020	0.003748	0.188082	0.000002	0.000000	0.000063	0.000055	0.000000	0.000000	0.000000
46	S	O	0.836211	0.000000	0.000001	0.000042	0.000000	0.000000	0.000000	0.000111	0.000011	0.001273	0.162265	0.000001	0.000000	0.000035	0.000029	0.000000	0.000000	0.000000
47	G	O	0.868854	0.000000	0.000000	0.000038	0.000000	0.000000	0.000000	0.000075	0.000007	0.000392	0.130574	0.000001	0.000000	0.000018	0.000017	0.000000	0.000000	0.000000
48	G	O	0.917525	0.000000	0.000000	0.000030	0.000000	0.000000	0.000000	0.000051	0.000005	0.000156	0.082194	0.000001	0.000000	0.000009	0.000010	0.000000	0.000000	0.000000
49	A	O	0.961313	0.000000	0.000000	0.000019	0.000000	0.000000	0.000000	0.000034	0.000004	0.000086	0.038512	0.000001	0.000000	0.000004	0.000005	0.000000	0.000000	0.000000
50	G	O	0.983616	0.000000	0.000000	0.000011	0.000000	0.000000	0.000000	0.000022	0.000003	0.000057	0.016264	0.000000	0.000000	0.000002	0.000002	0.000000	0.000000	0.000000
51	G	O	0.993102	0.000000	0.000000	0.000006	0.000000	0.000000	0.000000	0.000014	0.000001	0.000040	0.006814	0.000000	0.000000	0.000001	0.000001	0.000000	0.000000	0.000000
52	G	O	0.996872	0.000000	0.000000	0.000004	0.000000	0.000000	0.000000	0.000009	0.000001	0.000028	0.003064	0.000000	0.000000	0.000001	0.000001	0.000000	0.000000	0.000000
53	V	O	0.998391	0.000000	0.000000	0.000003	0.000000	0.000000	0.000000	0.000005	0.000001	0.000018	0.001564	0.000000	0.000000	0.000001	0.000000	0.000000	0.000000	0.000000
54	I	O	0.999136	0.000000	0.000000	0.000002	0.000000	0.000000	0.000000	0.000003	0.000000	0.000011	0.000832	0.000000	0.000000	0.000000	0.000000	0.000000	0.000000	0.000000
55	A	O	0.999572	0.000000	0.000000	0.000001	0.000000	0.000000	0.000000	0.000002	0.000000	0.000006	0.000404	0.000000	0.000000	0.000000	0.000000	0.000000	0.000000	0.000000
56	K	O	0.999808	0.000000	0.000000	0.000001	0.000000	0.000000	0.000000	0.000001	0.000000	0.000004	0.000172	0.000000	0.000000	0.000000	0.000000	0.000000	0.000000	0.000000
57	D	O	0.999902	0.000000	0.000000	0.000000	0.000000	0.000000	0.000000	0.000001	0.000000	0.000002	0.000082	0.000000	0.000000	0.000000	0.000000	0.000000	0.000000	0.000000
58	A	O	0.999944	0.000000	0.000000	0.000000	0.000000	0.000000	0.000000	0.000001	0.000000	0.000001	0.000039	0.000000	0.000000	0.000000	0.000000	0.000000	0.000000	0.000000
59	L	O	0.999967	0.000000	0.000000	0.000000	0.000000	0.000000	0.000000	0.000001	0.000000	0.000001	0.000017	0.000000	0.000000	0.000000	0.000000	0.000000	0.000000	0.000000
60	G	O	0.999979	0.000000	0.000000	0.000000	0.000000	0.000000	0.000000	0.000001	0.000000	0.000001	0.000008	0.000000	0.000000	0.000000	0.000000	0.000000	0.000000	0.000000
61	N	O	0.999987	0.000000	0.000000	0.000000	0.000000	0.000000	0.000000	0.000001	0.000000	0.000001	0.000003	0.000000	0.000000	0.000000	0.000000	0.000000	0.000000	0.000000
62	D	O	0.999988	0.000000	0.000000	0.000000	0.000000	0.000000	0.000000	0.000001	0.000000	0.000001	0.000002	0.000000	0.000000	0.000000	0.000000	0.000000	0.000000	0.000000
63	I	O	0.999989	0.000000	0.000000	0.000000	0.000000	0.000000	0.000000	0.000001	0.000000	0.000001	0.000002	0.000000	0.000000	0.000000	0.000000	0.000000	0.000000	0.000000
64	I	O	0.999987	0.000000	0.000000	0.000000	0.000000	0.000000	0.000000	0.000001	0.000000	0.000001	0.000002	0.000000	0.000000	0.000000	0.000000	0.000000	0.000000	0.000000
65	V	O	0.999988	0.000000	0.000000	0.000000	0.000000	0.000000	0.000000	0.000001	0.000000	0.000001	0.000002	0.000000	0.000000	0.000000	0.000000	0.000000	0.000000	0.000000
66	S	O	0.999989	0.000000	0.000000	0.000000	0.000000	0.000000	0.000000	0.000001	0.000000	0.000001	0.000002	0.000000	0.000000	0.000000	0.000000	0.000000	0.000000	0.000001
67	D	O	0.999989	0.000000	0.000000	0.000000	0.000000	0.000000	0.000000	0.000000	0.000000	0.000001	0.000003	0.000000	0.000000	0.000000	0.000000	0.000000	0.000001	0.000001
68	Y	O	0.999992	0.000000	0.000000	0.000000	0.000000	0.000000	0.000000	0.000000	0.000000	0.000001	0.000003	0.000000	0.000000	0.000000	0.000000	0.000000	0.000001	0.000001
69	L	O	0.999994	0.000000	0.000000	0.000000	0.000000	0.000000	0.000000	0.000000	0.000000	0.000000	0.000003	0.000000	0.000000	0.000000	0.000001	0.000000	0.000000	0.000001
70	Q	O	1.000000	0.000000	0.000000	0.000000	0.000000	0.000000	0.000000	0.000000	0.000000	0.000000	0.000000	0.000000	0.000000	0.000000	0.000000	0.000000	0.000000	0.000000
