# Name=gene-SYNPCC7002_RS12535
# pos	aa	label	Other	Sec/SPI n	Sec/SPI h	Sec/SPI c	Sec/SPII n	Sec/SPII h	Sec/SPII cys	Tat/SPI n	Tat/SPI RR	Tat/SPI h	Tat/SPI c	Tat/SPII n	Tat/SPII RR	Tat/SPII h	Tat/SPII cys	Sec/SPIII P	Sec/SPIII cons.	Sec/SPIII h
1	V	O	0.896239	0.096507	0.000000	0.000000	0.006699	0.000000	0.000000	0.000002	0.000000	0.000000	0.000000	0.000002	0.000000	0.000000	0.000000	0.000576	0.000000	0.000000
2	Q	O	0.896243	0.087211	0.009296	0.000000	0.005763	0.000936	0.000000	0.000002	0.000000	0.000000	0.000000	0.000001	0.000000	0.000000	0.000000	0.000514	0.000062	0.000000
3	R	O	0.896242	0.074827	0.021655	0.000025	0.004637	0.002062	0.000000	0.000001	0.000001	0.000000	0.000000	0.000001	0.000000	0.000000	0.000000	0.000404	0.000146	0.000025
4	S	O	0.896270	0.049042	0.047419	0.000037	0.002593	0.004100	0.000006	0.000002	0.000000	0.000001	0.000000	0.000001	0.000000	0.000001	0.000000	0.000212	0.000297	0.000049
5	T	O	0.896320	0.022535	0.073904	0.000042	0.001125	0.005547	0.000021	0.000001	0.000000	0.000001	0.000000	0.000001	0.000000	0.000001	0.000000	0.000061	0.000349	0.000121
6	G	O	0.896399	0.006741	0.089668	0.000053	0.000382	0.006259	0.000030	0.000001	0.000000	0.000001	0.000000	0.000000	0.000000	0.000001	0.000000	0.000016	0.000220	0.000254
7	I	O	0.896500	0.001577	0.094795	0.000068	0.000150	0.006421	0.000070	0.000001	0.000000	0.000001	0.000000	0.000000	0.000000	0.000001	0.000000	0.000004	0.000100	0.000337
8	W	O	0.896663	0.000385	0.095930	0.000094	0.000063	0.006418	0.000091	0.000001	0.000000	0.000001	0.000000	0.000000	0.000000	0.000001	0.000000	0.000001	0.000044	0.000329
9	L	O	0.896848	0.000096	0.096133	0.000143	0.000026	0.006333	0.000122	0.000000	0.000000	0.000001	0.000000	0.000000	0.000000	0.000001	0.000000	0.000000	0.000017	0.000300
10	A	O	0.897074	0.000025	0.096052	0.000242	0.000011	0.006221	0.000126	0.000000	0.000000	0.000002	0.000000	0.000000	0.000000	0.000001	0.000000	0.000000	0.000006	0.000258
11	I	O	0.897314	0.000006	0.095791	0.000451	0.000005	0.006069	0.000159	0.000000	0.000000	0.000002	0.000000	0.000000	0.000000	0.000001	0.000000	0.000000	0.000002	0.000222
12	A	O	0.897607	0.000002	0.095144	0.001007	0.000002	0.005914	0.000158	0.000000	0.000000	0.000002	0.000000	0.000000	0.000000	0.000001	0.000000	0.000000	0.000001	0.000184
13	L	O	0.897985	0.000001	0.093792	0.002182	0.000001	0.005745	0.000170	0.000000	0.000000	0.000002	0.000000	0.000000	0.000000	0.000001	0.000000	0.000000	0.000000	0.000142
14	G	O	0.898457	0.000000	0.090865	0.004849	0.000000	0.005593	0.000152	0.000000	0.000000	0.000002	0.000000	0.000000	0.000000	0.000001	0.000000	0.000000	0.000000	0.000105
15	L	O	0.899105	0.000000	0.085752	0.009490	0.000000	0.005343	0.000250	0.000000	0.000000	0.000001	0.000000	0.000000	0.000000	0.000001	0.000000	0.000000	0.000000	0.000076
16	G	O	0.899882	0.000000	0.075234	0.019513	0.000000	0.005125	0.000218	0.000000	0.000000	0.000001	0.000000	0.000000	0.000000	0.000001	0.000000	0.000000	0.000000	0.000051
17	G	O	0.900902	0.000000	0.060905	0.033049	0.000000	0.004742	0.000383	0.000000	0.000000	0.000001	0.000000	0.000000	0.000000	0.000001	0.000000	0.000000	0.000000	0.000035
18	I	O	0.902591	0.000000	0.045998	0.046660	0.000000	0.004112	0.000630	0.000000	0.000000	0.000001	0.000001	0.000000	0.000000	0.000001	0.000000	0.000000	0.000000	0.000026
19	T	O	0.904266	0.000000	0.027078	0.064544	0.000000	0.003653	0.000459	0.000000	0.000000	0.000001	0.000001	0.000000	0.000000	0.000001	0.000000	0.000000	0.000000	0.000018
20	W	O	0.906937	0.000000	0.017499	0.071914	0.000000	0.002888	0.000765	0.000000	0.000000	0.000001	0.000001	0.000000	0.000000	0.000001	0.000000	0.000000	0.000000	0.000013
21	A	O	0.910274	0.000000	0.009465	0.077376	0.000000	0.002042	0.000846	0.000000	0.000000	0.000000	0.000001	0.000000	0.000000	0.000000	0.000000	0.000000	0.000000	0.000009
22	V	O	0.920667	0.000000	0.006580	0.070721	0.000000	0.000925	0.001117	0.000000	0.000000	0.000000	0.000001	0.000000	0.000000	0.000000	0.000000	0.000000	0.000000	0.000006
23	T	O	0.927074	0.000000	0.003560	0.068451	0.000000	0.000284	0.000641	0.000000	0.000000	0.000000	0.000001	0.000000	0.000000	0.000000	0.000000	0.000000	0.000000	0.000003
24	Q	O	0.936759	0.000000	0.002220	0.060750	0.000000	0.000083	0.000202	0.000000	0.000000	0.000000	0.000001	0.000000	0.000000	0.000000	0.000000	0.000000	0.000000	0.000001
25	R	O	0.947243	0.000000	0.001453	0.051236	0.000000	0.000020	0.000063	0.000000	0.000000	0.000000	0.000001	0.000000	0.000000	0.000000	0.000000	0.000000	0.000000	0.000000
26	Q	O	0.956729	0.000000	0.001028	0.042236	0.000000	0.000007	0.000013	0.000000	0.000000	0.000000	0.000000	0.000000	0.000000	0.000000	0.000000	0.000000	0.000000	0.000000
27	N	O	0.963136	0.000000	0.000741	0.036127	0.000000	0.000003	0.000004	0.000000	0.000000	0.000000	0.000000	0.000000	0.000000	0.000000	0.000000	0.000000	0.000000	0.000000
28	T	O	0.968319	0.000000	0.000568	0.031125	0.000000	0.000002	0.000002	0.000000	0.000000	0.000000	0.000000	0.000000	0.000000	0.000000	0.000000	0.000000	0.000000	0.000000
29	L	O	0.972468	0.000000	0.000434	0.027105	0.000000	0.000001	0.000001	0.000000	0.000000	0.000000	0.000000	0.000000	0.000000	0.000000	0.000000	0.000000	0.000000	0.000000
30	T	O	0.975810	0.000000	0.000320	0.023878	0.000000	0.000001	0.000000	0.000000	0.000000	0.000000	0.000000	0.000000	0.000000	0.000000	0.000000	0.000000	0.000000	0.000000
31	P	O	0.978443	0.000000	0.000226	0.021342	0.000000	0.000001	0.000000	0.000000	0.000000	0.000000	0.000000	0.000000	0.000000	0.000000	0.000000	0.000001	0.000000	0.000000
32	S	O	0.980870	0.000000	0.000161	0.018976	0.000000	0.000001	0.000000	0.000000	0.000000	0.000000	0.000000	0.000000	0.000000	0.000000	0.000000	0.000001	0.000000	0.000000
33	E	O	0.982794	0.000000	0.000107	0.017109	0.000000	0.000001	0.000000	0.000000	0.000000	0.000000	0.000000	0.000000	0.000000	0.000000	0.000000	0.000001	0.000000	0.000000
34	S	O	0.984452	0.000000	0.000066	0.015489	0.000001	0.000001	0.000000	0.000000	0.000000	0.000000	0.000000	0.000000	0.000000	0.000000	0.000000	0.000001	0.000000	0.000000
35	G	O	0.986038	0.000000	0.000038	0.013936	0.000001	0.000001	0.000000	0.000000	0.000000	0.000000	0.000000	0.000000	0.000000	0.000000	0.000000	0.000002	0.000000	0.000000
36	F	O	0.988035	0.000000	0.000023	0.011952	0.000001	0.000001	0.000000	0.000000	0.000000	0.000000	0.000000	0.000000	0.000000	0.000000	0.000000	0.000002	0.000001	0.000001
37	V	O	0.990078	0.000000	0.000014	0.009921	0.000001	0.000001	0.000001	0.000000	0.000000	0.000000	0.000001	0.000000	0.000000	0.000000	0.000000	0.000002	0.000001	0.000001
38	A	O	0.992245	0.000000	0.000009	0.007756	0.000001	0.000001	0.000001	0.000001	0.000000	0.000000	0.000001	0.000000	0.000000	0.000000	0.000000	0.000002	0.000001	0.000001
39	A	O	0.994332	0.000000	0.000006	0.005670	0.000001	0.000001	0.000001	0.000001	0.000000	0.000000	0.000001	0.000000	0.000000	0.000000	0.000000	0.000002	0.000001	0.000001
40	D	O	0.995955	0.000000	0.000004	0.004050	0.000001	0.000001	0.000001	0.000001	0.000000	0.000001	0.000001	0.000000	0.000000	0.000000	0.000000	0.000003	0.000001	0.000001
41	A	O	0.997151	0.000000	0.000003	0.002853	0.000001	0.000002	0.000001	0.000001	0.000000	0.000001	0.000001	0.000000	0.000000	0.000000	0.000000	0.000003	0.000001	0.000001
42	E	O	0.998019	0.000000	0.000002	0.001982	0.000001	0.000002	0.000001	0.000001	0.000000	0.000001	0.000001	0.000000	0.000000	0.000000	0.000000	0.000004	0.000001	0.000001
43	V	O	0.998567	0.000000	0.000002	0.001434	0.000001	0.000002	0.000001	0.000002	0.000000	0.000001	0.000001	0.000000	0.000000	0.000000	0.000000	0.000004	0.000002	0.000002
44	L	O	0.998954	0.000000	0.000001	0.001041	0.000002	0.000003	0.000001	0.000002	0.000000	0.000002	0.000002	0.000000	0.000000	0.000000	0.000000	0.000005	0.000002	0.000002
45	L	O	0.999231	0.000000	0.000001	0.000760	0.000002	0.000003	0.000002	0.000003	0.000000	0.000002	0.000002	0.000000	0.000000	0.000000	0.000000	0.000006	0.000002	0.000003
46	P	O	0.999433	0.000000	0.000001	0.000558	0.000002	0.000004	0.000002	0.000003	0.000000	0.000003	0.000003	0.000000	0.000000	0.000000	0.000000	0.000007	0.000003	0.000003
47	I	O	0.999567	0.000000	0.000000	0.000411	0.000003	0.000004	0.000002	0.000004	0.000000	0.000003	0.000004	0.000000	0.000000	0.000000	0.000000	0.000008	0.000003	0.000004
48	Q	O	0.999664	0.000000	0.000000	0.000308	0.000003	0.000005	0.000002	0.000005	0.000001	0.000004	0.000006	0.000000	0.000000	0.000000	0.000000	0.000010	0.000004	0.000004
49	E	O	0.999728	0.000000	0.000000	0.000233	0.000004	0.000006	0.000003	0.000006	0.000001	0.000005	0.000007	0.000000	0.000000	0.000000	0.000001	0.000012	0.000005	0.000005
50	A	O	0.999779	0.000000	0.000000	0.000170	0.000004	0.000007	0.000003	0.000008	0.000001	0.000006	0.000009	0.000000	0.000000	0.000000	0.000001	0.000015	0.000006	0.000006
51	E	O	0.999810	0.000000	0.000000	0.000122	0.000005	0.000008	0.000004	0.000009	0.000001	0.000008	0.000011	0.000000	0.000000	0.000001	0.000001	0.000017	0.000007	0.000008
52	I	O	0.999829	0.000000	0.000000	0.000086	0.000005	0.000009	0.000005	0.000011	0.000001	0.000010	0.000014	0.000000	0.000000	0.000001	0.000001	0.000020	0.000009	0.000009
53	R	O	0.999837	0.000000	0.000000	0.000060	0.000006	0.000010	0.000006	0.000014	0.000002	0.000012	0.000018	0.000000	0.000000	0.000001	0.000001	0.000024	0.000010	0.000012
54	S	O	0.999830	0.000000	0.000000	0.000041	0.000007	0.000012	0.000007	0.000018	0.000002	0.000015	0.000022	0.000000	0.000000	0.000001	0.000002	0.000028	0.000012	0.000014
55	L	O	0.999815	0.000000	0.000000	0.000028	0.000007	0.000014	0.000008	0.000021	0.000002	0.000019	0.000027	0.000001	0.000000	0.000002	0.000002	0.000032	0.000015	0.000016
56	S	O	0.999790	0.000000	0.000000	0.000018	0.000008	0.000016	0.000009	0.000026	0.000003	0.000024	0.000035	0.000001	0.000000	0.000002	0.000003	0.000039	0.000017	0.000020
57	L	O	0.999757	0.000000	0.000000	0.000012	0.000010	0.000018	0.000012	0.000031	0.000003	0.000030	0.000043	0.000001	0.000000	0.000003	0.000004	0.000046	0.000021	0.000023
58	E	O	0.999702	0.000000	0.000000	0.000007	0.000011	0.000021	0.000014	0.000039	0.000004	0.000037	0.000054	0.000001	0.000000	0.000003	0.000006	0.000056	0.000024	0.000029
59	I	O	0.999643	0.000000	0.000000	0.000005	0.000012	0.000024	0.000017	0.000048	0.000005	0.000046	0.000068	0.000001	0.000000	0.000004	0.000007	0.000067	0.000031	0.000034
60	Q	O	0.999553	0.000000	0.000000	0.000003	0.000014	0.000028	0.000020	0.000059	0.000007	0.000056	0.000086	0.000002	0.000001	0.000006	0.000010	0.000082	0.000037	0.000044
61	G	O	0.999447	0.000000	0.000000	0.000002	0.000017	0.000033	0.000024	0.000076	0.000007	0.000070	0.000111	0.000002	0.000001	0.000008	0.000014	0.000103	0.000043	0.000053
62	K	O	0.999309	0.000000	0.000000	0.000001	0.000019	0.000038	0.000030	0.000094	0.000010	0.000092	0.000137	0.000003	0.000001	0.000010	0.000019	0.000127	0.000055	0.000064
63	T	O	0.999114	0.000000	0.000000	0.000000	0.000020	0.000048	0.000036	0.000120	0.000011	0.000130	0.000176	0.000003	0.000001	0.000015	0.000027	0.000151	0.000076	0.000081
64	L	O	0.998872	0.000000	0.000000	0.000000	0.000018	0.000061	0.000044	0.000138	0.000011	0.000180	0.000242	0.000003	0.000001	0.000022	0.000038	0.000174	0.000102	0.000107
65	N	O	0.998568	0.000000	0.000000	0.000000	0.000015	0.000073	0.000060	0.000150	0.000010	0.000225	0.000353	0.000003	0.000000	0.000030	0.000056	0.000191	0.000134	0.000146
66	F	O	0.998304	0.000000	0.000000	0.000000	0.000008	0.000079	0.000078	0.000130	0.000005	0.000272	0.000468	0.000002	0.000000	0.000039	0.000081	0.000175	0.000175	0.000197
67	E	O	0.998134	0.000000	0.000000	0.000000	0.000000	0.000077	0.000097	0.000074	0.000000	0.000285	0.000605	0.000000	0.000000	0.000045	0.000113	0.000108	0.000212	0.000263
68	Q	O	0.998098	0.000000	0.000000	0.000000	0.000000	0.000054	0.000125	0.000000	0.000000	0.000217	0.000762	0.000000	0.000000	0.000042	0.000165	0.000000	0.000200	0.000349
69	R	O	0.998289	0.000000	0.000000	0.000000	0.000000	0.000000	0.000180	0.000000	0.000000	0.000000	0.000847	0.000000	0.000000	0.000000	0.000263	0.000000	0.000000	0.000430
70	F	O	1.000000	0.000000	0.000000	0.000000	0.000000	0.000000	0.000000	0.000000	0.000000	0.000000	0.000000	0.000000	0.000000	0.000000	0.000000	0.000000	0.000000	0.000000
