# Name=gene-SYNPCC7002_RS05525
# pos	aa	label	Other	Sec/SPI n	Sec/SPI h	Sec/SPI c	Sec/SPII n	Sec/SPII h	Sec/SPII cys	Tat/SPI n	Tat/SPI RR	Tat/SPI h	Tat/SPI c	Tat/SPII n	Tat/SPII RR	Tat/SPII h	Tat/SPII cys	Sec/SPIII P	Sec/SPIII cons.	Sec/SPIII h
1	T	O	0.963531	0.036204	0.000000	0.000000	0.000202	0.000000	0.000000	0.000003	0.000000	0.000000	0.000000	0.000000	0.000000	0.000000	0.000000	0.000046	0.000000	0.000000
2	T	O	0.963539	0.019163	0.017042	0.000000	0.000127	0.000075	0.000000	0.000002	0.000000	0.000001	0.000000	0.000000	0.000000	0.000000	0.000000	0.000036	0.000010	0.000000
3	L	O	0.963536	0.009891	0.023843	0.002471	0.000076	0.000126	0.000000	0.000001	0.000000	0.000001	0.000000	0.000000	0.000000	0.000000	0.000000	0.000027	0.000012	0.000006
4	T	O	0.963665	0.006055	0.021049	0.008981	0.000047	0.000148	0.000007	0.000001	0.000000	0.000001	0.000001	0.000000	0.000000	0.000000	0.000000	0.000021	0.000010	0.000009
5	I	O	0.964256	0.003717	0.016871	0.014925	0.000027	0.000147	0.000021	0.000001	0.000000	0.000001	0.000001	0.000000	0.000000	0.000000	0.000000	0.000016	0.000009	0.000009
6	G	O	0.965343	0.002773	0.010048	0.021636	0.000017	0.000130	0.000027	0.000000	0.000000	0.000001	0.000001	0.000000	0.000000	0.000000	0.000000	0.000012	0.000007	0.000009
7	Q	O	0.967961	0.002084	0.006481	0.023303	0.000011	0.000092	0.000043	0.000000	0.000000	0.000001	0.000001	0.000000	0.000000	0.000000	0.000000	0.000009	0.000005	0.000007
8	A	O	0.971924	0.001560	0.004374	0.022022	0.000007	0.000063	0.000034	0.000000	0.000000	0.000000	0.000001	0.000000	0.000000	0.000000	0.000000	0.000006	0.000004	0.000005
9	A	O	0.977094	0.001174	0.003141	0.018509	0.000004	0.000041	0.000025	0.000000	0.000000	0.000000	0.000001	0.000000	0.000000	0.000000	0.000000	0.000004	0.000003	0.000004
10	P	O	0.981607	0.000897	0.002181	0.015259	0.000003	0.000027	0.000016	0.000000	0.000000	0.000000	0.000001	0.000000	0.000000	0.000000	0.000000	0.000003	0.000002	0.000003
11	D	O	0.985590	0.000695	0.001533	0.012139	0.000002	0.000018	0.000010	0.000000	0.000000	0.000000	0.000000	0.000000	0.000000	0.000000	0.000000	0.000002	0.000002	0.000002
12	F	O	0.989234	0.000529	0.001174	0.009036	0.000001	0.000011	0.000007	0.000000	0.000000	0.000000	0.000000	0.000000	0.000000	0.000000	0.000000	0.000002	0.000001	0.000002
13	A	O	0.992102	0.000404	0.000904	0.006574	0.000001	0.000008	0.000004	0.000000	0.000000	0.000000	0.000000	0.000000	0.000000	0.000000	0.000000	0.000001	0.000001	0.000001
14	L	O	0.994387	0.000301	0.000740	0.004560	0.000001	0.000005	0.000003	0.000000	0.000000	0.000000	0.000000	0.000000	0.000000	0.000000	0.000000	0.000001	0.000001	0.000001
15	T	O	0.995717	0.000232	0.000547	0.003491	0.000000	0.000004	0.000002	0.000000	0.000000	0.000000	0.000000	0.000000	0.000000	0.000000	0.000000	0.000001	0.000000	0.000001
16	N	O	0.996624	0.000182	0.000385	0.002800	0.000000	0.000002	0.000001	0.000000	0.000000	0.000000	0.000000	0.000000	0.000000	0.000000	0.000000	0.000000	0.000000	0.000000
17	A	O	0.997327	0.000143	0.000270	0.002253	0.000000	0.000002	0.000001	0.000000	0.000000	0.000000	0.000000	0.000000	0.000000	0.000000	0.000000	0.000000	0.000000	0.000000
18	Q	O	0.997939	0.000114	0.000195	0.001746	0.000000	0.000001	0.000001	0.000000	0.000000	0.000000	0.000000	0.000000	0.000000	0.000000	0.000000	0.000000	0.000000	0.000000
19	G	O	0.998389	0.000092	0.000136	0.001379	0.000000	0.000001	0.000000	0.000000	0.000000	0.000000	0.000000	0.000000	0.000000	0.000000	0.000000	0.000000	0.000000	0.000000
20	E	O	0.998811	0.000074	0.000103	0.001007	0.000000	0.000000	0.000000	0.000000	0.000000	0.000000	0.000000	0.000000	0.000000	0.000000	0.000000	0.000000	0.000000	0.000000
21	A	O	0.999134	0.000059	0.000082	0.000726	0.000000	0.000000	0.000000	0.000000	0.000000	0.000000	0.000000	0.000000	0.000000	0.000000	0.000000	0.000000	0.000000	0.000000
22	R	O	0.999372	0.000047	0.000066	0.000511	0.000000	0.000000	0.000000	0.000000	0.000000	0.000000	0.000000	0.000000	0.000000	0.000000	0.000000	0.000000	0.000000	0.000000
23	T	O	0.999531	0.000038	0.000052	0.000378	0.000000	0.000000	0.000000	0.000000	0.000000	0.000000	0.000000	0.000000	0.000000	0.000000	0.000000	0.000000	0.000000	0.000000
24	L	O	0.999646	0.000031	0.000040	0.000284	0.000000	0.000000	0.000000	0.000000	0.000000	0.000000	0.000000	0.000000	0.000000	0.000000	0.000000	0.000000	0.000000	0.000000
25	A	O	0.999733	0.000026	0.000030	0.000212	0.000000	0.000000	0.000000	0.000000	0.000000	0.000000	0.000000	0.000000	0.000000	0.000000	0.000000	0.000000	0.000000	0.000000
26	D	O	0.999801	0.000022	0.000024	0.000153	0.000000	0.000000	0.000000	0.000000	0.000000	0.000000	0.000000	0.000000	0.000000	0.000000	0.000000	0.000000	0.000000	0.000000
27	Y	O	0.999852	0.000018	0.000020	0.000112	0.000000	0.000000	0.000000	0.000000	0.000000	0.000000	0.000000	0.000000	0.000000	0.000000	0.000000	0.000000	0.000000	0.000000
28	S	O	0.999886	0.000015	0.000016	0.000083	0.000000	0.000000	0.000000	0.000000	0.000000	0.000000	0.000000	0.000000	0.000000	0.000000	0.000000	0.000000	0.000000	0.000000
29	G	O	0.999914	0.000013	0.000014	0.000062	0.000000	0.000000	0.000000	0.000000	0.000000	0.000000	0.000000	0.000000	0.000000	0.000000	0.000000	0.000000	0.000000	0.000000
30	K	O	0.999935	0.000010	0.000012	0.000047	0.000000	0.000000	0.000000	0.000000	0.000000	0.000000	0.000000	0.000000	0.000000	0.000000	0.000000	0.000000	0.000000	0.000000
31	W	O	0.999941	0.000008	0.000011	0.000038	0.000000	0.000000	0.000000	0.000000	0.000000	0.000000	0.000000	0.000000	0.000000	0.000000	0.000000	0.000000	0.000000	0.000000
32	L	O	0.999958	0.000006	0.000010	0.000031	0.000000	0.000000	0.000000	0.000000	0.000000	0.000000	0.000000	0.000000	0.000000	0.000000	0.000000	0.000000	0.000000	0.000000
33	V	O	0.999964	0.000005	0.000009	0.000027	0.000000	0.000000	0.000000	0.000000	0.000000	0.000000	0.000000	0.000000	0.000000	0.000000	0.000000	0.000000	0.000000	0.000000
34	F	O	0.999969	0.000004	0.000007	0.000023	0.000000	0.000000	0.000000	0.000000	0.000000	0.000000	0.000000	0.000000	0.000000	0.000000	0.000000	0.000000	0.000000	0.000000
35	Y	O	0.999973	0.000003	0.000006	0.000020	0.000000	0.000000	0.000000	0.000000	0.000000	0.000000	0.000000	0.000000	0.000000	0.000000	0.000000	0.000000	0.000000	0.000000
36	F	O	0.999975	0.000002	0.000005	0.000016	0.000000	0.000000	0.000000	0.000000	0.000000	0.000000	0.000000	0.000000	0.000000	0.000000	0.000000	0.000000	0.000000	0.000000
37	Y	O	0.999981	0.000002	0.000004	0.000014	0.000000	0.000000	0.000000	0.000000	0.000000	0.000000	0.000000	0.000000	0.000000	0.000000	0.000000	0.000000	0.000000	0.000000
38	P	O	0.999986	0.000001	0.000003	0.000012	0.000000	0.000000	0.000000	0.000000	0.000000	0.000000	0.000000	0.000000	0.000000	0.000000	0.000000	0.000000	0.000000	0.000000
39	K	O	0.999990	0.000001	0.000002	0.000010	0.000000	0.000000	0.000000	0.000000	0.000000	0.000000	0.000000	0.000000	0.000000	0.000000	0.000000	0.000000	0.000000	0.000000
40	D	O	0.999995	0.000001	0.000002	0.000008	0.000000	0.000000	0.000000	0.000000	0.000000	0.000000	0.000000	0.000000	0.000000	0.000000	0.000000	0.000000	0.000000	0.000000
41	N	O	0.999996	0.000001	0.000001	0.000007	0.000000	0.000000	0.000000	0.000000	0.000000	0.000000	0.000000	0.000000	0.000000	0.000000	0.000000	0.000000	0.000000	0.000000
42	T	O	0.999998	0.000001	0.000001	0.000007	0.000000	0.000000	0.000000	0.000000	0.000000	0.000000	0.000000	0.000000	0.000000	0.000000	0.000000	0.000000	0.000000	0.000000
43	P	O	0.999996	0.000000	0.000000	0.000006	0.000000	0.000000	0.000000	0.000000	0.000000	0.000000	0.000000	0.000000	0.000000	0.000000	0.000000	0.000000	0.000000	0.000000
44	G	O	1.000000	0.000000	0.000000	0.000005	0.000000	0.000000	0.000000	0.000000	0.000000	0.000000	0.000000	0.000000	0.000000	0.000000	0.000000	0.000000	0.000000	0.000000
45	C	O	1.000000	0.000000	0.000000	0.000003	0.000000	0.000000	0.000000	0.000000	0.000000	0.000000	0.000000	0.000000	0.000000	0.000000	0.000000	0.000000	0.000000	0.000000
46	T	O	1.000000	0.000000	0.000000	0.000002	0.000000	0.000000	0.000000	0.000000	0.000000	0.000000	0.000000	0.000000	0.000000	0.000000	0.000000	0.000000	0.000000	0.000000
47	T	O	1.000000	0.000000	0.000000	0.000002	0.000000	0.000000	0.000000	0.000000	0.000000	0.000000	0.000000	0.000000	0.000000	0.000000	0.000000	0.000000	0.000000	0.000000
48	E	O	1.000000	0.000000	0.000000	0.000001	0.000000	0.000000	0.000000	0.000000	0.000000	0.000000	0.000000	0.000000	0.000000	0.000000	0.000000	0.000000	0.000000	0.000000
49	A	O	1.000000	0.000000	0.000000	0.000001	0.000000	0.000000	0.000000	0.000000	0.000000	0.000000	0.000000	0.000000	0.000000	0.000000	0.000000	0.000001	0.000000	0.000000
50	L	O	1.000000	0.000000	0.000000	0.000001	0.000001	0.000000	0.000000	0.000001	0.000000	0.000000	0.000000	0.000000	0.000000	0.000000	0.000000	0.000001	0.000000	0.000000
51	D	O	1.000000	0.000000	0.000000	0.000001	0.000001	0.000000	0.000000	0.000001	0.000000	0.000000	0.000000	0.000000	0.000000	0.000000	0.000000	0.000001	0.000000	0.000000
52	F	O	1.000000	0.000000	0.000000	0.000001	0.000002	0.000001	0.000000	0.000002	0.000000	0.000001	0.000000	0.000000	0.000000	0.000000	0.000000	0.000002	0.000000	0.000000
53	T	O	0.999990	0.000000	0.000000	0.000000	0.000002	0.000001	0.000000	0.000003	0.000001	0.000001	0.000001	0.000000	0.000000	0.000000	0.000000	0.000003	0.000000	0.000000
54	A	O	0.999985	0.000000	0.000000	0.000000	0.000004	0.000002	0.000000	0.000006	0.000001	0.000001	0.000001	0.000000	0.000000	0.000000	0.000000	0.000004	0.000001	0.000001
55	L	O	0.999976	0.000000	0.000000	0.000000	0.000006	0.000002	0.000001	0.000009	0.000001	0.000002	0.000002	0.000000	0.000000	0.000000	0.000000	0.000006	0.000001	0.000001
56	V	O	0.999955	0.000000	0.000000	0.000000	0.000009	0.000004	0.000001	0.000015	0.000002	0.000004	0.000003	0.000001	0.000000	0.000000	0.000000	0.000010	0.000001	0.000001
57	P	O	0.999930	0.000000	0.000000	0.000000	0.000012	0.000005	0.000001	0.000022	0.000003	0.000005	0.000005	0.000001	0.000000	0.000001	0.000001	0.000014	0.000001	0.000001
58	E	O	0.999904	0.000000	0.000000	0.000000	0.000016	0.000008	0.000001	0.000031	0.000005	0.000008	0.000007	0.000002	0.000001	0.000001	0.000001	0.000020	0.000002	0.000002
59	F	O	0.999862	0.000000	0.000000	0.000000	0.000021	0.000012	0.000002	0.000045	0.000006	0.000013	0.000010	0.000002	0.000001	0.000001	0.000001	0.000026	0.000004	0.000002
60	T	O	0.999809	0.000000	0.000000	0.000000	0.000025	0.000018	0.000002	0.000060	0.000007	0.000021	0.000015	0.000003	0.000001	0.000002	0.000001	0.000034	0.000006	0.000004
61	A	O	0.999748	0.000000	0.000000	0.000000	0.000027	0.000027	0.000003	0.000073	0.000009	0.000034	0.000020	0.000003	0.000001	0.000003	0.000002	0.000040	0.000010	0.000005
62	L	O	0.999684	0.000000	0.000000	0.000000	0.000026	0.000037	0.000004	0.000076	0.000015	0.000057	0.000026	0.000004	0.000001	0.000005	0.000002	0.000043	0.000018	0.000009
63	N	O	0.999600	0.000000	0.000000	0.000000	0.000026	0.000049	0.000006	0.000091	0.000012	0.000081	0.000041	0.000004	0.000001	0.000008	0.000003	0.000048	0.000024	0.000015
64	A	O	0.999530	0.000000	0.000000	0.000000	0.000021	0.000064	0.000008	0.000084	0.000010	0.000121	0.000050	0.000004	0.000001	0.000011	0.000004	0.000045	0.000034	0.000021
65	V	O	0.999471	0.000000	0.000000	0.000000	0.000013	0.000078	0.000010	0.000065	0.000005	0.000163	0.000067	0.000002	0.000000	0.000015	0.000006	0.000038	0.000042	0.000031
66	I	O	0.999435	0.000000	0.000000	0.000000	0.000006	0.000088	0.000012	0.000041	0.000002	0.000183	0.000097	0.000001	0.000000	0.000019	0.000008	0.000026	0.000049	0.000038
67	V	O	0.999426	0.000000	0.000000	0.000000	0.000000	0.000087	0.000022	0.000012	0.000000	0.000167	0.000148	0.000000	0.000000	0.000020	0.000013	0.000014	0.000046	0.000050
68	G	O	0.999460	0.000000	0.000000	0.000000	0.000000	0.000069	0.000036	0.000000	0.000000	0.000074	0.000231	0.000000	0.000000	0.000016	0.000021	0.000000	0.000037	0.000056
69	V	O	0.999604	0.000000	0.000000	0.000000	0.000000	0.000000	0.000092	0.000000	0.000000	0.000000	0.000186	0.000000	0.000000	0.000000	0.000040	0.000000	0.000000	0.000075
70	S	O	0.999996	0.000000	0.000000	0.000000	0.000000	0.000000	0.000000	0.000000	0.000000	0.000000	0.000000	0.000000	0.000000	0.000000	0.000000	0.000000	0.000000	0.000000
