# Name=gene-SYNPCC7002_RS03280
# pos	aa	label	Other	Sec/SPI n	Sec/SPI h	Sec/SPI c	Sec/SPII n	Sec/SPII h	Sec/SPII cys	Tat/SPI n	Tat/SPI RR	Tat/SPI h	Tat/SPI c	Tat/SPII n	Tat/SPII RR	Tat/SPII h	Tat/SPII cys	Sec/SPIII P	Sec/SPIII cons.	Sec/SPIII h
1	Q	O	0.852665	0.141270	0.000000	0.000000	0.002588	0.000000	0.000000	0.000000	0.000000	0.000000	0.000000	0.000000	0.000000	0.000000	0.000000	0.003494	0.000000	0.000000
2	K	O	0.852667	0.133043	0.008227	0.000000	0.002371	0.000217	0.000000	0.000000	0.000000	0.000000	0.000000	0.000000	0.000000	0.000000	0.000000	0.003062	0.000432	0.000000
3	Q	O	0.852669	0.120261	0.020967	0.000041	0.002044	0.000543	0.000000	0.000000	0.000000	0.000000	0.000000	0.000000	0.000000	0.000000	0.000000	0.002492	0.000751	0.000250
4	R	O	0.852898	0.098911	0.042276	0.000065	0.001583	0.000998	0.000007	0.000000	0.000000	0.000000	0.000000	0.000000	0.000000	0.000000	0.000000	0.001511	0.001440	0.000334
5	L	O	0.853167	0.029267	0.111905	0.000041	0.000510	0.002057	0.000013	0.000000	0.000000	0.000000	0.000000	0.000000	0.000000	0.000000	0.000000	0.000403	0.001980	0.000679
6	I	O	0.853477	0.006933	0.134194	0.000064	0.000166	0.002381	0.000020	0.000000	0.000000	0.000000	0.000000	0.000000	0.000000	0.000000	0.000000	0.000082	0.001199	0.001513
7	I	O	0.854046	0.001581	0.139480	0.000096	0.000054	0.002441	0.000053	0.000000	0.000000	0.000000	0.000000	0.000000	0.000000	0.000000	0.000000	0.000016	0.000556	0.001702
8	V	O	0.854668	0.000350	0.140627	0.000129	0.000017	0.002396	0.000082	0.000000	0.000000	0.000000	0.000000	0.000000	0.000000	0.000000	0.000000	0.000004	0.000217	0.001531
9	A	O	0.855244	0.000082	0.140790	0.000162	0.000006	0.002307	0.000100	0.000000	0.000000	0.000000	0.000000	0.000000	0.000000	0.000000	0.000000	0.000001	0.000082	0.001246
10	I	O	0.855721	0.000019	0.140734	0.000187	0.000002	0.002190	0.000121	0.000000	0.000000	0.000000	0.000000	0.000000	0.000000	0.000000	0.000000	0.000000	0.000029	0.001017
11	L	O	0.856136	0.000004	0.140601	0.000228	0.000001	0.002057	0.000134	0.000000	0.000000	0.000000	0.000000	0.000000	0.000000	0.000000	0.000000	0.000000	0.000009	0.000852
12	F	O	0.856516	0.000001	0.140401	0.000307	0.000000	0.001910	0.000147	0.000000	0.000000	0.000000	0.000000	0.000000	0.000000	0.000000	0.000000	0.000000	0.000003	0.000733
13	L	O	0.856919	0.000000	0.140130	0.000421	0.000000	0.001755	0.000155	0.000000	0.000000	0.000000	0.000000	0.000000	0.000000	0.000000	0.000000	0.000000	0.000001	0.000638
14	V	O	0.857373	0.000000	0.139738	0.000598	0.000000	0.001598	0.000157	0.000000	0.000000	0.000000	0.000000	0.000000	0.000000	0.000000	0.000000	0.000000	0.000000	0.000552
15	A	O	0.857846	0.000000	0.139079	0.001007	0.000000	0.001446	0.000152	0.000000	0.000000	0.000000	0.000000	0.000000	0.000000	0.000000	0.000000	0.000000	0.000000	0.000485
16	I	O	0.858451	0.000000	0.138042	0.001656	0.000000	0.001295	0.000152	0.000000	0.000000	0.000000	0.000000	0.000000	0.000000	0.000000	0.000000	0.000000	0.000000	0.000422
17	A	O	0.859184	0.000000	0.136236	0.002947	0.000000	0.001155	0.000139	0.000000	0.000000	0.000000	0.000000	0.000000	0.000000	0.000000	0.000000	0.000000	0.000000	0.000358
18	I	O	0.860087	0.000000	0.132980	0.005496	0.000000	0.001020	0.000135	0.000000	0.000000	0.000000	0.000000	0.000000	0.000000	0.000000	0.000000	0.000000	0.000000	0.000299
19	T	O	0.861130	0.000000	0.126265	0.011358	0.000000	0.000909	0.000112	0.000000	0.000000	0.000000	0.000000	0.000000	0.000000	0.000000	0.000000	0.000000	0.000000	0.000243
20	I	O	0.862504	0.000000	0.114087	0.022318	0.000000	0.000783	0.000126	0.000000	0.000000	0.000000	0.000000	0.000000	0.000000	0.000000	0.000000	0.000000	0.000000	0.000193
21	L	O	0.864616	0.000000	0.097758	0.036703	0.000000	0.000645	0.000138	0.000000	0.000000	0.000000	0.000000	0.000000	0.000000	0.000000	0.000000	0.000000	0.000000	0.000151
22	T	O	0.867229	0.000000	0.075254	0.056768	0.000000	0.000501	0.000144	0.000000	0.000000	0.000000	0.000000	0.000000	0.000000	0.000000	0.000000	0.000000	0.000000	0.000115
23	T	O	0.871415	0.000000	0.052937	0.075072	0.000000	0.000360	0.000141	0.000000	0.000000	0.000000	0.000000	0.000000	0.000000	0.000000	0.000000	0.000000	0.000000	0.000089
24	L	O	0.877011	0.000000	0.034702	0.087867	0.000000	0.000216	0.000144	0.000000	0.000000	0.000000	0.000000	0.000000	0.000000	0.000000	0.000000	0.000000	0.000000	0.000070
25	P	O	0.884799	0.000000	0.020687	0.094263	0.000000	0.000119	0.000098	0.000000	0.000000	0.000000	0.000000	0.000000	0.000000	0.000000	0.000000	0.000000	0.000000	0.000046
26	L	O	0.899200	0.000000	0.014225	0.086436	0.000000	0.000047	0.000072	0.000000	0.000000	0.000000	0.000000	0.000000	0.000000	0.000000	0.000000	0.000000	0.000000	0.000027
27	Q	O	0.912385	0.000000	0.007907	0.079659	0.000000	0.000022	0.000025	0.000000	0.000000	0.000000	0.000000	0.000000	0.000000	0.000000	0.000000	0.000000	0.000000	0.000010
28	L	O	0.926154	0.000000	0.004652	0.069174	0.000000	0.000009	0.000013	0.000000	0.000000	0.000000	0.000000	0.000000	0.000000	0.000000	0.000000	0.000000	0.000000	0.000003
29	G	O	0.944212	0.000000	0.003054	0.052730	0.000000	0.000004	0.000006	0.000000	0.000000	0.000000	0.000000	0.000000	0.000000	0.000000	0.000000	0.000000	0.000000	0.000001
30	L	O	0.960141	0.000000	0.002158	0.037703	0.000000	0.000002	0.000002	0.000000	0.000000	0.000000	0.000000	0.000000	0.000000	0.000000	0.000000	0.000001	0.000000	0.000000
31	D	O	0.969226	0.000000	0.001368	0.029407	0.000000	0.000001	0.000001	0.000000	0.000000	0.000000	0.000000	0.000000	0.000000	0.000000	0.000000	0.000001	0.000000	0.000000
32	L	O	0.975778	0.000000	0.000847	0.023379	0.000000	0.000001	0.000001	0.000000	0.000000	0.000000	0.000000	0.000000	0.000000	0.000000	0.000000	0.000001	0.000000	0.000000
33	K	O	0.981484	0.000000	0.000514	0.018004	0.000000	0.000001	0.000000	0.000000	0.000000	0.000000	0.000000	0.000000	0.000000	0.000000	0.000000	0.000001	0.000000	0.000000
34	G	O	0.985527	0.000000	0.000305	0.014167	0.000000	0.000001	0.000000	0.000000	0.000000	0.000000	0.000000	0.000000	0.000000	0.000000	0.000000	0.000002	0.000001	0.000001
35	G	O	0.989657	0.000000	0.000207	0.010133	0.000001	0.000001	0.000000	0.000000	0.000000	0.000000	0.000000	0.000000	0.000000	0.000000	0.000000	0.000002	0.000001	0.000001
36	A	O	0.993009	0.000000	0.000156	0.006832	0.000001	0.000001	0.000000	0.000000	0.000000	0.000000	0.000000	0.000000	0.000000	0.000000	0.000000	0.000002	0.000001	0.000001
37	Q	O	0.995357	0.000000	0.000123	0.004515	0.000001	0.000001	0.000000	0.000000	0.000000	0.000000	0.000000	0.000000	0.000000	0.000000	0.000000	0.000003	0.000001	0.000001
38	L	O	0.996618	0.000000	0.000096	0.003279	0.000001	0.000001	0.000001	0.000001	0.000000	0.000000	0.000000	0.000000	0.000000	0.000000	0.000000	0.000004	0.000002	0.000002
39	T	O	0.997461	0.000000	0.000074	0.002454	0.000001	0.000002	0.000001	0.000001	0.000000	0.000001	0.000000	0.000000	0.000000	0.000000	0.000000	0.000005	0.000002	0.000002
40	I	O	0.998005	0.000000	0.000055	0.001923	0.000002	0.000002	0.000001	0.000001	0.000000	0.000001	0.000001	0.000000	0.000000	0.000000	0.000000	0.000006	0.000002	0.000002
41	Q	O	0.998448	0.000000	0.000041	0.001492	0.000002	0.000003	0.000001	0.000002	0.000000	0.000001	0.000001	0.000000	0.000000	0.000000	0.000000	0.000007	0.000003	0.000003
42	V	O	0.998759	0.000000	0.000030	0.001189	0.000002	0.000003	0.000001	0.000002	0.000000	0.000001	0.000001	0.000000	0.000000	0.000000	0.000000	0.000009	0.000003	0.000003
43	Q	O	0.998998	0.000000	0.000021	0.000953	0.000003	0.000004	0.000002	0.000003	0.000000	0.000002	0.000002	0.000000	0.000000	0.000000	0.000000	0.000012	0.000004	0.000004
44	P	O	0.999165	0.000000	0.000014	0.000787	0.000004	0.000005	0.000002	0.000004	0.000000	0.000002	0.000002	0.000000	0.000000	0.000000	0.000000	0.000015	0.000005	0.000005
45	N	O	0.999297	0.000000	0.000009	0.000644	0.000004	0.000006	0.000003	0.000005	0.000001	0.000003	0.000003	0.000000	0.000000	0.000000	0.000000	0.000018	0.000007	0.000006
46	A	O	0.999406	0.000000	0.000006	0.000527	0.000005	0.000007	0.000003	0.000007	0.000001	0.000004	0.000005	0.000000	0.000000	0.000000	0.000000	0.000021	0.000009	0.000008
47	E	O	0.999506	0.000000	0.000004	0.000419	0.000005	0.000009	0.000004	0.000008	0.000001	0.000005	0.000006	0.000000	0.000000	0.000000	0.000001	0.000024	0.000010	0.000010
48	G	O	0.999590	0.000000	0.000002	0.000319	0.000005	0.000010	0.000005	0.000010	0.000001	0.000007	0.000007	0.000000	0.000000	0.000001	0.000001	0.000027	0.000012	0.000012
49	V	O	0.999665	0.000000	0.000002	0.000234	0.000005	0.000011	0.000006	0.000011	0.000001	0.000009	0.000009	0.000000	0.000000	0.000001	0.000001	0.000028	0.000015	0.000015
50	V	O	0.999714	0.000000	0.000001	0.000170	0.000005	0.000012	0.000007	0.000012	0.000001	0.000011	0.000012	0.000000	0.000000	0.000001	0.000001	0.000031	0.000016	0.000018
51	V	O	0.999751	0.000000	0.000001	0.000119	0.000006	0.000013	0.000008	0.000013	0.000001	0.000012	0.000015	0.000000	0.000000	0.000001	0.000001	0.000033	0.000017	0.000020
52	E	O	0.999772	0.000000	0.000000	0.000081	0.000006	0.000013	0.000008	0.000015	0.000002	0.000013	0.000018	0.000000	0.000000	0.000001	0.000002	0.000038	0.000018	0.000022
53	A	O	0.999780	0.000000	0.000000	0.000053	0.000007	0.000014	0.000009	0.000018	0.000002	0.000015	0.000020	0.000001	0.000000	0.000001	0.000002	0.000043	0.000021	0.000023
54	D	O	0.999767	0.000000	0.000000	0.000034	0.000009	0.000015	0.000010	0.000021	0.000002	0.000018	0.000023	0.000001	0.000000	0.000002	0.000002	0.000050	0.000024	0.000027
55	D	O	0.999741	0.000000	0.000000	0.000023	0.000010	0.000017	0.000012	0.000026	0.000003	0.000021	0.000030	0.000001	0.000000	0.000002	0.000003	0.000059	0.000028	0.000032
56	T	O	0.999696	0.000000	0.000000	0.000015	0.000012	0.000021	0.000013	0.000033	0.000004	0.000027	0.000038	0.000001	0.000000	0.000003	0.000004	0.000068	0.000034	0.000038
57	A	O	0.999638	0.000000	0.000000	0.000010	0.000014	0.000025	0.000016	0.000043	0.000005	0.000033	0.000049	0.000001	0.000000	0.000004	0.000006	0.000079	0.000040	0.000047
58	A	O	0.999567	0.000000	0.000000	0.000007	0.000016	0.000029	0.000020	0.000054	0.000006	0.000043	0.000061	0.000002	0.000000	0.000005	0.000008	0.000092	0.000046	0.000055
59	V	O	0.999474	0.000000	0.000000	0.000004	0.000019	0.000033	0.000024	0.000066	0.000007	0.000059	0.000077	0.000002	0.000001	0.000006	0.000011	0.000107	0.000053	0.000065
60	K	O	0.999349	0.000000	0.000000	0.000003	0.000023	0.000039	0.000029	0.000081	0.000010	0.000073	0.000105	0.000002	0.000001	0.000008	0.000014	0.000132	0.000060	0.000077
61	R	O	0.999184	0.000000	0.000000	0.000002	0.000027	0.000047	0.000035	0.000110	0.000013	0.000093	0.000139	0.000003	0.000001	0.000011	0.000019	0.000160	0.000074	0.000090
62	V	O	0.998973	0.000000	0.000000	0.000001	0.000030	0.000059	0.000042	0.000144	0.000014	0.000135	0.000178	0.000004	0.000001	0.000015	0.000026	0.000184	0.000095	0.000110
63	I	O	0.998705	0.000000	0.000000	0.000001	0.000031	0.000073	0.000051	0.000173	0.000015	0.000188	0.000245	0.000004	0.000001	0.000020	0.000036	0.000210	0.000118	0.000138
64	E	O	0.998395	0.000000	0.000000	0.000000	0.000030	0.000089	0.000062	0.000191	0.000018	0.000246	0.000343	0.000004	0.000001	0.000028	0.000049	0.000235	0.000143	0.000171
65	N	O	0.998045	0.000000	0.000000	0.000000	0.000025	0.000103	0.000080	0.000204	0.000015	0.000301	0.000490	0.000004	0.000001	0.000036	0.000069	0.000246	0.000175	0.000213
66	R	O	0.997722	0.000000	0.000000	0.000000	0.000015	0.000113	0.000101	0.000185	0.000009	0.000350	0.000667	0.000003	0.000000	0.000046	0.000093	0.000222	0.000211	0.000268
67	I	O	0.997507	0.000000	0.000000	0.000000	0.000000	0.000117	0.000123	0.000112	0.000000	0.000401	0.000846	0.000000	0.000000	0.000057	0.000135	0.000123	0.000262	0.000324
68	N	O	0.997486	0.000000	0.000000	0.000000	0.000000	0.000091	0.000154	0.000000	0.000000	0.000319	0.001079	0.000000	0.000000	0.000059	0.000183	0.000000	0.000226	0.000410
69	G	O	0.997762	0.000000	0.000000	0.000000	0.000000	0.000000	0.000253	0.000000	0.000000	0.000000	0.001211	0.000000	0.000000	0.000000	0.000324	0.000000	0.000000	0.000450
70	L	O	0.999997	0.000000	0.000000	0.000000	0.000000	0.000000	0.000000	0.000000	0.000000	0.000000	0.000000	0.000000	0.000000	0.000000	0.000000	0.000000	0.000000	0.000000
