# Name=gene-SYNPCC7002_RS07715
# pos	aa	label	Other	Sec/SPI n	Sec/SPI h	Sec/SPI c	Sec/SPII n	Sec/SPII h	Sec/SPII cys	Tat/SPI n	Tat/SPI RR	Tat/SPI h	Tat/SPI c	Tat/SPII n	Tat/SPII RR	Tat/SPII h	Tat/SPII cys	Sec/SPIII P	Sec/SPIII cons.	Sec/SPIII h
1	P	O	0.982188	0.014105	0.000000	0.000000	0.000243	0.000000	0.000000	0.000000	0.000000	0.000000	0.000000	0.000000	0.000000	0.000000	0.000000	0.003479	0.000000	0.000000
2	L	O	0.982198	0.013061	0.001044	0.000000	0.000220	0.000023	0.000000	0.000000	0.000000	0.000000	0.000000	0.000000	0.000000	0.000000	0.000000	0.003257	0.000223	0.000000
3	F	O	0.982200	0.012503	0.001405	0.000197	0.000205	0.000038	0.000000	0.000000	0.000000	0.000000	0.000000	0.000000	0.000000	0.000000	0.000000	0.003064	0.000271	0.000145
4	S	O	0.982326	0.012104	0.001523	0.000462	0.000194	0.000047	0.000002	0.000000	0.000000	0.000000	0.000000	0.000000	0.000000	0.000000	0.000000	0.002889	0.000267	0.000212
5	D	O	0.982542	0.011801	0.001523	0.000722	0.000185	0.000051	0.000005	0.000000	0.000000	0.000000	0.000000	0.000000	0.000000	0.000000	0.000000	0.002722	0.000256	0.000223
6	K	O	0.982792	0.011546	0.001483	0.000943	0.000178	0.000052	0.000006	0.000000	0.000000	0.000000	0.000000	0.000000	0.000000	0.000000	0.000000	0.002561	0.000244	0.000224
7	A	O	0.983079	0.011331	0.001409	0.001127	0.000170	0.000053	0.000006	0.000000	0.000000	0.000000	0.000000	0.000000	0.000000	0.000000	0.000000	0.002392	0.000248	0.000214
8	T	O	0.983394	0.011148	0.001327	0.001251	0.000164	0.000053	0.000006	0.000000	0.000000	0.000000	0.000000	0.000000	0.000000	0.000000	0.000000	0.002219	0.000255	0.000213
9	T	O	0.983738	0.010984	0.001246	0.001322	0.000159	0.000052	0.000007	0.000000	0.000000	0.000000	0.000000	0.000000	0.000000	0.000000	0.000000	0.002054	0.000247	0.000220
10	G	O	0.984132	0.010834	0.001190	0.001317	0.000154	0.000050	0.000006	0.000000	0.000000	0.000000	0.000000	0.000000	0.000000	0.000000	0.000000	0.001904	0.000226	0.000218
11	K	O	0.984567	0.010683	0.001176	0.001230	0.000148	0.000050	0.000006	0.000000	0.000000	0.000000	0.000000	0.000000	0.000000	0.000000	0.000000	0.001759	0.000214	0.000202
12	Q	O	0.984989	0.010525	0.001198	0.001109	0.000142	0.000051	0.000004	0.000000	0.000000	0.000000	0.000000	0.000000	0.000000	0.000000	0.000000	0.001616	0.000210	0.000188
13	K	O	0.985396	0.010345	0.001267	0.000966	0.000136	0.000055	0.000003	0.000000	0.000000	0.000000	0.000000	0.000000	0.000000	0.000000	0.000000	0.001475	0.000209	0.000182
14	K	O	0.985790	0.010124	0.001408	0.000795	0.000127	0.000060	0.000003	0.000000	0.000000	0.000000	0.000000	0.000000	0.000000	0.000000	0.000000	0.001305	0.000245	0.000171
15	Q	O	0.986163	0.009790	0.001686	0.000615	0.000116	0.000068	0.000003	0.000000	0.000000	0.000000	0.000000	0.000000	0.000000	0.000000	0.000000	0.001086	0.000320	0.000180
16	K	O	0.986512	0.009211	0.002228	0.000453	0.000099	0.000082	0.000003	0.000000	0.000000	0.000000	0.000000	0.000000	0.000000	0.000000	0.000000	0.000787	0.000471	0.000184
17	F	O	0.986821	0.007809	0.003608	0.000301	0.000065	0.000111	0.000004	0.000000	0.000000	0.000000	0.000000	0.000000	0.000000	0.000000	0.000000	0.000371	0.000694	0.000241
18	W	O	0.987128	0.006083	0.005313	0.000195	0.000039	0.000133	0.000004	0.000000	0.000000	0.000000	0.000000	0.000000	0.000000	0.000000	0.000000	0.000132	0.000614	0.000388
19	T	O	0.987526	0.004653	0.006721	0.000124	0.000024	0.000143	0.000005	0.000000	0.000000	0.000000	0.000000	0.000000	0.000000	0.000000	0.000000	0.000044	0.000418	0.000372
20	K	O	0.987882	0.003207	0.008151	0.000072	0.000014	0.000144	0.000009	0.000000	0.000000	0.000000	0.000000	0.000000	0.000000	0.000000	0.000000	0.000012	0.000248	0.000290
21	V	O	0.988095	0.000707	0.010645	0.000028	0.000004	0.000145	0.000009	0.000000	0.000000	0.000000	0.000000	0.000000	0.000000	0.000000	0.000000	0.000003	0.000094	0.000302
22	I	O	0.988240	0.000117	0.011228	0.000018	0.000002	0.000140	0.000008	0.000000	0.000000	0.000000	0.000000	0.000000	0.000000	0.000000	0.000000	0.000000	0.000028	0.000251
23	L	O	0.988349	0.000018	0.011317	0.000016	0.000001	0.000130	0.000011	0.000000	0.000000	0.000000	0.000000	0.000000	0.000000	0.000000	0.000000	0.000000	0.000008	0.000180
24	I	O	0.988419	0.000003	0.011319	0.000019	0.000000	0.000120	0.000010	0.000000	0.000000	0.000000	0.000000	0.000000	0.000000	0.000000	0.000000	0.000000	0.000002	0.000131
25	I	O	0.988476	0.000000	0.011303	0.000026	0.000000	0.000110	0.000011	0.000000	0.000000	0.000000	0.000000	0.000000	0.000000	0.000000	0.000000	0.000000	0.000001	0.000099
26	G	O	0.988530	0.000000	0.011273	0.000041	0.000000	0.000099	0.000011	0.000000	0.000000	0.000000	0.000000	0.000000	0.000000	0.000000	0.000000	0.000000	0.000000	0.000072
27	A	O	0.988576	0.000000	0.011230	0.000060	0.000000	0.000085	0.000014	0.000000	0.000000	0.000000	0.000000	0.000000	0.000000	0.000000	0.000000	0.000000	0.000000	0.000055
28	G	O	0.988640	0.000000	0.011169	0.000090	0.000000	0.000073	0.000012	0.000000	0.000000	0.000000	0.000000	0.000000	0.000000	0.000000	0.000000	0.000000	0.000000	0.000040
29	S	O	0.988694	0.000000	0.011076	0.000143	0.000000	0.000061	0.000012	0.000000	0.000000	0.000000	0.000000	0.000000	0.000000	0.000000	0.000000	0.000000	0.000000	0.000030
30	F	O	0.988770	0.000000	0.010951	0.000213	0.000000	0.000049	0.000012	0.000000	0.000000	0.000000	0.000000	0.000000	0.000000	0.000000	0.000000	0.000000	0.000000	0.000023
31	A	O	0.988857	0.000000	0.010787	0.000307	0.000000	0.000037	0.000012	0.000000	0.000000	0.000000	0.000000	0.000000	0.000000	0.000000	0.000000	0.000000	0.000000	0.000016
32	G	O	0.988961	0.000000	0.010550	0.000452	0.000000	0.000027	0.000011	0.000000	0.000000	0.000000	0.000000	0.000000	0.000000	0.000000	0.000000	0.000000	0.000000	0.000011
33	T	O	0.989096	0.000000	0.010227	0.000655	0.000000	0.000018	0.000009	0.000000	0.000000	0.000000	0.000000	0.000000	0.000000	0.000000	0.000000	0.000000	0.000000	0.000008
34	A	O	0.989250	0.000000	0.009821	0.000918	0.000000	0.000012	0.000006	0.000000	0.000000	0.000000	0.000000	0.000000	0.000000	0.000000	0.000000	0.000000	0.000000	0.000005
35	M	O	0.989435	0.000000	0.009321	0.001234	0.000000	0.000007	0.000005	0.000000	0.000000	0.000000	0.000000	0.000000	0.000000	0.000000	0.000000	0.000000	0.000000	0.000004
36	V	O	0.989624	0.000000	0.008618	0.001757	0.000000	0.000004	0.000003	0.000000	0.000000	0.000000	0.000000	0.000000	0.000000	0.000000	0.000000	0.000000	0.000000	0.000003
37	P	O	0.989839	0.000000	0.007312	0.002846	0.000000	0.000003	0.000002	0.000000	0.000000	0.000000	0.000000	0.000000	0.000000	0.000000	0.000000	0.000000	0.000000	0.000002
38	V	O	0.990184	0.000000	0.006181	0.003634	0.000000	0.000002	0.000001	0.000000	0.000000	0.000000	0.000000	0.000000	0.000000	0.000000	0.000000	0.000000	0.000001	0.000002
39	I	O	0.990517	0.000000	0.004938	0.004545	0.000000	0.000002	0.000001	0.000000	0.000000	0.000000	0.000000	0.000000	0.000000	0.000000	0.000000	0.000000	0.000001	0.000002
40	G	O	0.990862	0.000000	0.003382	0.005764	0.000000	0.000002	0.000001	0.000000	0.000000	0.000000	0.000000	0.000000	0.000000	0.000000	0.000000	0.000001	0.000001	0.000002
41	G	O	0.991495	0.000000	0.002683	0.005829	0.000000	0.000001	0.000001	0.000000	0.000000	0.000000	0.000000	0.000000	0.000000	0.000000	0.000000	0.000001	0.000001	0.000002
42	I	O	0.992138	0.000000	0.002221	0.005649	0.000000	0.000001	0.000001	0.000001	0.000000	0.000000	0.000000	0.000000	0.000000	0.000000	0.000000	0.000001	0.000001	0.000002
43	I	O	0.992601	0.000000	0.001720	0.005687	0.000000	0.000001	0.000001	0.000001	0.000000	0.000000	0.000000	0.000000	0.000000	0.000000	0.000000	0.000001	0.000001	0.000002
44	D	O	0.992920	0.000000	0.001166	0.005922	0.000001	0.000001	0.000000	0.000001	0.000000	0.000000	0.000000	0.000000	0.000000	0.000000	0.000000	0.000002	0.000001	0.000001
45	S	O	0.993291	0.000000	0.000819	0.005900	0.000001	0.000001	0.000000	0.000001	0.000000	0.000001	0.000001	0.000000	0.000000	0.000000	0.000000	0.000003	0.000001	0.000001
46	V	O	0.993658	0.000000	0.000569	0.005779	0.000001	0.000001	0.000001	0.000001	0.000000	0.000001	0.000001	0.000000	0.000000	0.000000	0.000000	0.000003	0.000001	0.000001
47	R	O	0.993971	0.000000	0.000362	0.005671	0.000001	0.000001	0.000001	0.000002	0.000000	0.000001	0.000001	0.000000	0.000000	0.000000	0.000000	0.000004	0.000001	0.000002
48	Q	O	0.994277	0.000000	0.000229	0.005494	0.000001	0.000002	0.000001	0.000002	0.000000	0.000001	0.000002	0.000000	0.000000	0.000000	0.000000	0.000005	0.000002	0.000002
49	P	O	0.994603	0.000000	0.000144	0.005249	0.000002	0.000002	0.000001	0.000003	0.000000	0.000002	0.000002	0.000000	0.000000	0.000000	0.000000	0.000006	0.000002	0.000002
50	T	O	0.994924	0.000000	0.000090	0.004973	0.000002	0.000002	0.000001	0.000003	0.000000	0.000002	0.000003	0.000000	0.000000	0.000000	0.000000	0.000007	0.000002	0.000002
51	T	O	0.995222	0.000000	0.000050	0.004713	0.000002	0.000003	0.000001	0.000004	0.000000	0.000003	0.000004	0.000000	0.000000	0.000000	0.000000	0.000008	0.000003	0.000003
52	E	O	0.995536	0.000000	0.000024	0.004413	0.000002	0.000003	0.000001	0.000004	0.000000	0.000003	0.000006	0.000000	0.000000	0.000000	0.000000	0.000010	0.000003	0.000004
53	V	O	0.995992	0.000000	0.000012	0.003969	0.000002	0.000003	0.000002	0.000004	0.000000	0.000004	0.000008	0.000000	0.000000	0.000000	0.000000	0.000011	0.000003	0.000004
54	A	O	0.996650	0.000000	0.000006	0.003313	0.000002	0.000003	0.000002	0.000004	0.000001	0.000004	0.000009	0.000000	0.000000	0.000000	0.000000	0.000011	0.000004	0.000004
55	R	O	0.997418	0.000000	0.000004	0.002546	0.000002	0.000003	0.000002	0.000005	0.000001	0.000004	0.000009	0.000000	0.000000	0.000000	0.000000	0.000012	0.000004	0.000005
56	N	O	0.998123	0.000000	0.000002	0.001842	0.000002	0.000003	0.000002	0.000005	0.000001	0.000005	0.000009	0.000000	0.000000	0.000000	0.000001	0.000013	0.000005	0.000005
57	P	O	0.998658	0.000000	0.000001	0.001295	0.000002	0.000004	0.000002	0.000007	0.000001	0.000006	0.000010	0.000000	0.000000	0.000000	0.000001	0.000014	0.000006	0.000006
58	Q	O	0.999069	0.000000	0.000001	0.000880	0.000002	0.000004	0.000002	0.000008	0.000001	0.000007	0.000012	0.000000	0.000000	0.000001	0.000001	0.000016	0.000007	0.000008
59	A	O	0.999354	0.000000	0.000000	0.000581	0.000002	0.000004	0.000003	0.000010	0.000001	0.000009	0.000014	0.000000	0.000000	0.000001	0.000001	0.000018	0.000008	0.000009
60	D	O	0.999550	0.000000	0.000000	0.000369	0.000003	0.000005	0.000003	0.000012	0.000001	0.000011	0.000018	0.000000	0.000000	0.000001	0.000002	0.000021	0.000009	0.000011
61	Q	O	0.999669	0.000000	0.000000	0.000227	0.000003	0.000006	0.000004	0.000016	0.000002	0.000014	0.000023	0.000000	0.000000	0.000002	0.000003	0.000025	0.000011	0.000013
62	E	O	0.999728	0.000000	0.000000	0.000135	0.000003	0.000007	0.000005	0.000020	0.000002	0.000020	0.000029	0.000001	0.000000	0.000002	0.000004	0.000030	0.000014	0.000016
63	A	O	0.999742	0.000000	0.000000	0.000079	0.000003	0.000008	0.000006	0.000025	0.000002	0.000027	0.000039	0.000001	0.000000	0.000003	0.000005	0.000035	0.000018	0.000020
64	Q	O	0.999726	0.000000	0.000000	0.000044	0.000003	0.000010	0.000007	0.000029	0.000002	0.000037	0.000054	0.000001	0.000000	0.000004	0.000007	0.000040	0.000023	0.000026
65	L	O	0.999689	0.000000	0.000000	0.000024	0.000002	0.000011	0.000009	0.000029	0.000002	0.000048	0.000076	0.000001	0.000000	0.000006	0.000010	0.000041	0.000030	0.000034
66	K	O	0.999647	0.000000	0.000000	0.000012	0.000001	0.000012	0.000012	0.000024	0.000001	0.000055	0.000106	0.000000	0.000000	0.000007	0.000015	0.000038	0.000036	0.000045
67	Q	O	0.999617	0.000000	0.000000	0.000006	0.000000	0.000011	0.000015	0.000014	0.000000	0.000055	0.000138	0.000000	0.000000	0.000009	0.000021	0.000024	0.000044	0.000057
68	Q	O	0.999616	0.000000	0.000000	0.000002	0.000000	0.000008	0.000019	0.000000	0.000000	0.000042	0.000170	0.000000	0.000000	0.000008	0.000031	0.000000	0.000043	0.000074
69	E	O	0.999654	0.000000	0.000000	0.000001	0.000000	0.000000	0.000025	0.000000	0.000000	0.000000	0.000183	0.000000	0.000000	0.000000	0.000052	0.000000	0.000000	0.000091
70	A	O	1.000000	0.000000	0.000000	0.000000	0.000000	0.000000	0.000000	0.000000	0.000000	0.000000	0.000000	0.000000	0.000000	0.000000	0.000000	0.000000	0.000000	0.000000
