# Name=gene-SYNPCC7002_RS15295
# pos	aa	label	Other	Sec/SPI n	Sec/SPI h	Sec/SPI c	Sec/SPII n	Sec/SPII h	Sec/SPII cys	Tat/SPI n	Tat/SPI RR	Tat/SPI h	Tat/SPI c	Tat/SPII n	Tat/SPII RR	Tat/SPII h	Tat/SPII cys	Sec/SPIII P	Sec/SPIII cons.	Sec/SPIII h
1	N	N	0.000001	0.000000	0.000000	0.000000	0.000071	0.000000	0.000000	0.095670	0.000000	0.000000	0.000000	0.904280	0.000000	0.000000	0.000000	0.000000	0.000000	0.000000
2	K	N	0.000001	0.000000	0.000000	0.000000	0.000060	0.000011	0.000000	0.094814	0.000847	0.000009	0.000000	0.842451	0.060855	0.000972	0.000000	0.000000	0.000000	0.000000
3	I	N	0.000001	0.000000	0.000000	0.000000	0.000049	0.000022	0.000000	0.094709	0.000919	0.000043	0.000000	0.840211	0.060390	0.003675	0.000000	0.000000	0.000000	0.000000
4	S	N	0.000001	0.000000	0.000000	0.000000	0.000040	0.000031	0.000000	0.094772	0.000750	0.000149	0.000000	0.827538	0.065396	0.011336	0.000000	0.000000	0.000000	0.000000
5	R	R	0.000001	0.000000	0.000000	0.000000	0.000031	0.000040	0.000000	0.005303	0.089757	0.000611	0.000000	0.146930	0.720916	0.036421	0.000000	0.000000	0.000000	0.000000
6	R	R	0.000002	0.000000	0.000000	0.000000	0.000023	0.000047	0.000000	0.005297	0.089589	0.000785	0.000000	0.151683	0.701535	0.051048	0.000001	0.000000	0.000000	0.000000
7	S	N	0.000003	0.000000	0.000000	0.000000	0.000017	0.000054	0.000000	0.091289	0.002183	0.002199	0.000000	0.728585	0.081085	0.094597	0.000001	0.000000	0.000000	0.000000
8	F	H	0.000004	0.000000	0.000000	0.000000	0.000007	0.000063	0.000000	0.010842	0.000850	0.083978	0.000000	0.176122	0.042613	0.685527	0.000002	0.000000	0.000000	0.000000
9	V	H	0.000006	0.000000	0.000000	0.000000	0.000004	0.000067	0.000000	0.001830	0.000171	0.093667	0.000003	0.062846	0.015120	0.826296	0.000001	0.000000	0.000000	0.000000
10	F	H	0.000007	0.000000	0.000000	0.000000	0.000002	0.000069	0.000000	0.000495	0.000060	0.095106	0.000009	0.023951	0.006124	0.874187	0.000008	0.000000	0.000000	0.000000
11	G	H	0.000018	0.000000	0.000000	0.000000	0.000001	0.000070	0.000000	0.000227	0.000024	0.095393	0.000023	0.010982	0.002605	0.890653	0.000023	0.000000	0.000000	0.000000
12	M	H	0.000048	0.000000	0.000000	0.000000	0.000000	0.000070	0.000000	0.000125	0.000013	0.095476	0.000048	0.005584	0.001112	0.897483	0.000060	0.000000	0.000000	0.000000
13	G	H	0.000120	0.000000	0.000000	0.000000	0.000000	0.000070	0.000000	0.000066	0.000010	0.095468	0.000104	0.002500	0.000683	0.900900	0.000099	0.000000	0.000000	0.000000
14	A	H	0.000250	0.000000	0.000000	0.000000	0.000000	0.000070	0.000000	0.000047	0.000007	0.095381	0.000183	0.001462	0.000354	0.902048	0.000217	0.000000	0.000000	0.000000
15	T	H	0.000531	0.000000	0.000000	0.000000	0.000000	0.000070	0.000000	0.000035	0.000004	0.095241	0.000276	0.000851	0.000191	0.902397	0.000426	0.000000	0.000000	0.000000
16	A	H	0.001058	0.000000	0.000000	0.000000	0.000000	0.000070	0.000000	0.000025	0.000003	0.095013	0.000412	0.000493	0.000102	0.902036	0.000805	0.000000	0.000000	0.000000
17	S	H	0.002024	0.000000	0.000000	0.000000	0.000000	0.000069	0.000000	0.000018	0.000002	0.094644	0.000629	0.000271	0.000051	0.900921	0.001394	0.000000	0.000000	0.000000
18	A	H	0.003674	0.000000	0.000000	0.000000	0.000000	0.000069	0.000000	0.000012	0.000001	0.094073	0.000952	0.000135	0.000023	0.899110	0.001965	0.000000	0.000000	0.000000
19	L	H	0.006013	0.000000	0.000000	0.000000	0.000000	0.000069	0.000000	0.000007	0.000001	0.093025	0.001631	0.000061	0.000008	0.895846	0.003359	0.000000	0.000000	0.000000
20	V	H	0.009936	0.000000	0.000000	0.000000	0.000000	0.000069	0.000000	0.000004	0.000000	0.090694	0.003402	0.000022	0.000001	0.890295	0.005595	0.000000	0.000000	0.000000
21	Y	H	0.016371	0.000000	0.000000	0.000000	0.000000	0.000068	0.000000	0.000002	0.000000	0.083579	0.009679	0.000002	0.000000	0.878036	0.012279	0.000000	0.000000	0.000000
22	G	H	0.029742	0.000000	0.000000	0.000000	0.000000	0.000068	0.000000	0.000001	0.000000	0.050355	0.041811	0.000001	0.000000	0.855959	0.022077	0.000000	0.000000	0.000000
23	A	H	0.060518	0.000000	0.000000	0.000000	0.000000	0.000065	0.000003	0.000001	0.000000	0.032775	0.050693	0.000000	0.000000	0.713984	0.141973	0.000000	0.000000	0.000000
24	C	c	0.214338	0.000000	0.000000	0.000000	0.000000	0.000001	0.000064	0.000000	0.000000	0.016464	0.055161	0.000000	0.000000	0.074585	0.639403	0.000000	0.000000	0.000000
25	T	O	0.884630	0.000000	0.000000	0.000000	0.000000	0.000000	0.000001	0.000000	0.000000	0.008973	0.031829	0.000000	0.000000	0.017721	0.056865	0.000000	0.000000	0.000000
26	A	O	0.959124	0.000000	0.000000	0.000000	0.000000	0.000000	0.000000	0.000000	0.000000	0.003964	0.019210	0.000000	0.000000	0.004803	0.012919	0.000000	0.000000	0.000000
27	P	O	0.983950	0.000000	0.000000	0.000000	0.000000	0.000000	0.000000	0.000000	0.000000	0.002103	0.009163	0.000000	0.000000	0.001515	0.003288	0.000000	0.000000	0.000000
28	T	O	0.992481	0.000000	0.000000	0.000000	0.000000	0.000000	0.000000	0.000000	0.000000	0.001143	0.004876	0.000000	0.000000	0.000561	0.000954	0.000000	0.000000	0.000000
29	G	O	0.995959	0.000000	0.000000	0.000000	0.000000	0.000000	0.000000	0.000000	0.000000	0.000536	0.002963	0.000000	0.000000	0.000210	0.000350	0.000000	0.000000	0.000000
30	K	O	0.997868	0.000000	0.000000	0.000000	0.000000	0.000000	0.000000	0.000000	0.000000	0.000251	0.001687	0.000000	0.000000	0.000084	0.000126	0.000000	0.000000	0.000000
31	K	O	0.998888	0.000000	0.000000	0.000000	0.000000	0.000000	0.000000	0.000000	0.000000	0.000129	0.000920	0.000000	0.000000	0.000036	0.000048	0.000000	0.000000	0.000000
32	I	O	0.999389	0.000000	0.000000	0.000000	0.000000	0.000000	0.000000	0.000000	0.000000	0.000069	0.000522	0.000000	0.000000	0.000016	0.000020	0.000000	0.000000	0.000000
33	Q	O	0.999664	0.000000	0.000000	0.000000	0.000000	0.000000	0.000000	0.000000	0.000000	0.000038	0.000303	0.000000	0.000000	0.000007	0.000009	0.000000	0.000000	0.000000
34	G	O	0.999803	0.000000	0.000000	0.000000	0.000000	0.000000	0.000000	0.000000	0.000000	0.000021	0.000181	0.000000	0.000000	0.000003	0.000004	0.000000	0.000000	0.000000
35	R	O	0.999890	0.000000	0.000000	0.000000	0.000000	0.000000	0.000000	0.000000	0.000000	0.000013	0.000105	0.000000	0.000000	0.000002	0.000002	0.000000	0.000000	0.000000
36	L	O	0.999933	0.000000	0.000000	0.000000	0.000000	0.000000	0.000000	0.000000	0.000000	0.000007	0.000070	0.000000	0.000000	0.000001	0.000001	0.000000	0.000000	0.000000
37	P	O	0.999959	0.000000	0.000000	0.000000	0.000000	0.000000	0.000000	0.000000	0.000000	0.000004	0.000052	0.000000	0.000000	0.000000	0.000000	0.000000	0.000000	0.000000
38	H	O	0.999974	0.000000	0.000000	0.000000	0.000000	0.000000	0.000000	0.000000	0.000000	0.000002	0.000038	0.000000	0.000000	0.000000	0.000000	0.000000	0.000000	0.000000
39	A	O	0.999981	0.000000	0.000000	0.000000	0.000000	0.000000	0.000000	0.000000	0.000000	0.000001	0.000028	0.000000	0.000000	0.000000	0.000000	0.000000	0.000000	0.000000
40	L	O	0.999997	0.000000	0.000000	0.000000	0.000000	0.000000	0.000000	0.000000	0.000000	0.000000	0.000019	0.000000	0.000000	0.000000	0.000000	0.000000	0.000000	0.000000
41	A	O	1.000000	0.000000	0.000000	0.000000	0.000000	0.000000	0.000000	0.000000	0.000000	0.000000	0.000013	0.000000	0.000000	0.000000	0.000000	0.000000	0.000000	0.000000
42	V	O	1.000000	0.000000	0.000000	0.000000	0.000000	0.000000	0.000000	0.000000	0.000000	0.000000	0.000005	0.000000	0.000000	0.000000	0.000000	0.000000	0.000000	0.000000
43	E	O	1.000000	0.000000	0.000000	0.000000	0.000000	0.000000	0.000000	0.000000	0.000000	0.000000	0.000002	0.000000	0.000000	0.000000	0.000000	0.000000	0.000000	0.000000
44	P	O	1.000000	0.000000	0.000000	0.000000	0.000000	0.000000	0.000000	0.000000	0.000000	0.000000	0.000001	0.000000	0.000000	0.000000	0.000000	0.000000	0.000000	0.000000
45	L	O	1.000000	0.000000	0.000000	0.000000	0.000000	0.000000	0.000000	0.000000	0.000000	0.000000	0.000001	0.000000	0.000000	0.000000	0.000000	0.000000	0.000000	0.000000
46	V	O	1.000000	0.000000	0.000000	0.000000	0.000000	0.000000	0.000000	0.000000	0.000000	0.000000	0.000000	0.000000	0.000000	0.000000	0.000000	0.000000	0.000000	0.000000
47	R	O	1.000000	0.000000	0.000000	0.000000	0.000000	0.000000	0.000000	0.000000	0.000000	0.000000	0.000000	0.000000	0.000000	0.000000	0.000000	0.000000	0.000000	0.000000
48	P	O	1.000000	0.000000	0.000000	0.000000	0.000000	0.000000	0.000000	0.000000	0.000000	0.000000	0.000000	0.000000	0.000000	0.000000	0.000000	0.000000	0.000000	0.000000
49	E	O	1.000000	0.000000	0.000000	0.000000	0.000000	0.000000	0.000000	0.000000	0.000000	0.000000	0.000000	0.000000	0.000000	0.000000	0.000000	0.000000	0.000000	0.000000
50	S	O	1.000000	0.000000	0.000000	0.000000	0.000000	0.000000	0.000000	0.000000	0.000000	0.000000	0.000000	0.000000	0.000000	0.000000	0.000000	0.000000	0.000000	0.000000
51	L	O	1.000000	0.000000	0.000000	0.000000	0.000000	0.000000	0.000000	0.000000	0.000000	0.000000	0.000000	0.000000	0.000000	0.000000	0.000000	0.000000	0.000000	0.000000
52	E	O	1.000000	0.000000	0.000000	0.000000	0.000000	0.000000	0.000000	0.000000	0.000000	0.000000	0.000000	0.000000	0.000000	0.000000	0.000000	0.000000	0.000000	0.000000
53	K	O	1.000000	0.000000	0.000000	0.000000	0.000000	0.000000	0.000000	0.000000	0.000000	0.000000	0.000000	0.000000	0.000000	0.000000	0.000000	0.000000	0.000000	0.000000
54	P	O	1.000000	0.000000	0.000000	0.000000	0.000000	0.000000	0.000000	0.000000	0.000000	0.000000	0.000000	0.000000	0.000000	0.000000	0.000000	0.000000	0.000000	0.000000
55	N	O	1.000000	0.000000	0.000000	0.000000	0.000000	0.000000	0.000000	0.000000	0.000000	0.000000	0.000000	0.000000	0.000000	0.000000	0.000000	0.000000	0.000000	0.000000
56	L	O	1.000000	0.000000	0.000000	0.000000	0.000000	0.000000	0.000000	0.000000	0.000000	0.000000	0.000000	0.000000	0.000000	0.000000	0.000000	0.000000	0.000000	0.000000
57	T	O	1.000000	0.000000	0.000000	0.000000	0.000000	0.000000	0.000000	0.000000	0.000000	0.000000	0.000000	0.000000	0.000000	0.000000	0.000000	0.000000	0.000000	0.000000
58	V	O	1.000000	0.000000	0.000000	0.000000	0.000000	0.000000	0.000000	0.000000	0.000000	0.000000	0.000000	0.000000	0.000000	0.000000	0.000000	0.000000	0.000000	0.000000
59	G	O	1.000000	0.000000	0.000000	0.000000	0.000000	0.000000	0.000000	0.000000	0.000000	0.000000	0.000000	0.000000	0.000000	0.000000	0.000000	0.000000	0.000000	0.000000
60	F	O	0.999999	0.000000	0.000000	0.000000	0.000000	0.000000	0.000000	0.000000	0.000000	0.000000	0.000000	0.000000	0.000000	0.000000	0.000000	0.000000	0.000000	0.000000
61	V	O	0.999998	0.000000	0.000000	0.000000	0.000000	0.000000	0.000000	0.000000	0.000000	0.000000	0.000000	0.000000	0.000000	0.000000	0.000000	0.000000	0.000000	0.000000
62	P	O	1.000000	0.000000	0.000000	0.000000	0.000000	0.000000	0.000000	0.000000	0.000000	0.000000	0.000000	0.000000	0.000000	0.000000	0.000000	0.000000	0.000000	0.000000
63	V	O	1.000000	0.000000	0.000000	0.000000	0.000000	0.000000	0.000000	0.000000	0.000000	0.000000	0.000000	0.000000	0.000000	0.000000	0.000000	0.000000	0.000000	0.000000
64	N	O	1.000000	0.000000	0.000000	0.000000	0.000000	0.000000	0.000000	0.000000	0.000000	0.000000	0.000000	0.000000	0.000000	0.000000	0.000000	0.000000	0.000000	0.000000
65	D	O	1.000000	0.000000	0.000000	0.000000	0.000000	0.000000	0.000000	0.000000	0.000000	0.000000	0.000000	0.000000	0.000000	0.000000	0.000000	0.000000	0.000000	0.000000
66	C	O	0.999999	0.000000	0.000000	0.000000	0.000000	0.000000	0.000000	0.000000	0.000000	0.000000	0.000000	0.000000	0.000000	0.000000	0.000000	0.000000	0.000000	0.000000
67	A	O	1.000000	0.000000	0.000000	0.000000	0.000000	0.000000	0.000000	0.000000	0.000000	0.000000	0.000000	0.000000	0.000000	0.000000	0.000000	0.000000	0.000000	0.000000
68	P	O	1.000000	0.000000	0.000000	0.000000	0.000000	0.000000	0.000000	0.000000	0.000000	0.000000	0.000000	0.000000	0.000000	0.000000	0.000000	0.000000	0.000000	0.000000
69	L	O	1.000000	0.000000	0.000000	0.000000	0.000000	0.000000	0.000000	0.000000	0.000000	0.000000	0.000000	0.000000	0.000000	0.000000	0.000000	0.000000	0.000000	0.000000
70	A	O	1.000000	0.000000	0.000000	0.000000	0.000000	0.000000	0.000000	0.000000	0.000000	0.000000	0.000000	0.000000	0.000000	0.000000	0.000000	0.000000	0.000000	0.000000
